        0.101003         0.000000
        0.116500        14.000000
        0.131500        15.000000
        0.146500        16.000000
        0.161500        17.000000
        0.176500        19.000000
        0.191500        19.000000
        0.206500        19.000000
        0.221500        20.000000
        0.236500        20.000000
        0.251500        20.000000
        0.266500        20.000000
        0.281500        20.000000
        0.296500        20.000000
        0.311500        21.000000
        0.326500        21.000000
        0.341500        21.000000
        0.356500        21.000000
        0.371500        22.000000
        0.386500        22.000000
        0.401500        22.000000
        0.416500        23.000000
        0.431500        23.000000
        0.446500        24.000000
        0.461500        25.000000
        0.476500        25.000000
        0.491500        25.000000
        0.506500        26.000000
        0.521500        26.000000
        0.536500        27.000000
        0.551500        27.000000
        0.566500        27.000000
        0.581500        27.000000
        0.596500        27.000000
        0.611500        28.000000
        0.626500        28.000000
        0.641500        27.000000
        0.656500        27.000000
        0.671500        26.000000
        0.686500        25.000000
        0.701500        25.000000
        0.716500        24.000000
        0.731500        24.000000
        0.746500        23.000000
        0.761500        23.000000
        0.776500        22.000000
        0.791500        22.000000
        0.806500        22.000000
        0.821500        22.000000
        0.836500        22.000000
        0.851500        22.000000
        0.866500        21.000000
        0.881500        20.000000
        0.896500        20.000000
        0.911500        19.000000
        0.926500        18.000000
        0.941500        18.000000
        0.956500        18.000000
        0.971500        18.000000
        0.986500        18.000000
        1.001500        17.000000
        1.016500        17.000000
        1.031500        17.000000
        1.046500        16.000000
        1.061500        16.000000
        1.076500        15.000000
        1.091500        15.000000
        1.106500        15.000000
        1.121500        15.000000
        1.136500        16.000000
        1.151500        16.000000
        1.166500        15.000000
        1.181500        15.000000
        1.196500        15.000000
        1.211500        15.000000
        1.226500        16.000000
        1.241500        16.000000
        1.256500        17.000000
        1.271500        18.000000
        1.286500        18.000000
        1.301500        19.000000
        1.316500        18.000000
        1.331500        19.000000
        1.346500        20.000000
        1.361500        20.000000
        1.376500        20.000000
        1.391500        21.000000
        1.406500        21.000000
        1.421500        21.000000
        1.436500        21.000000
        1.451500        21.000000
        1.466500        21.000000
        1.481500        21.000000
        1.496500        21.000000
        1.511500        22.000000
        1.526500        23.000000
        1.541500        24.000000
        1.556500        24.000000
        1.571500        24.000000
        1.586500        24.000000
        1.601500        24.000000
        1.616500        24.000000
        1.631500        23.000000
        1.646500        23.000000
        1.661500        23.000000
        1.676500        23.000000
        1.691500        22.000000
        1.706500        22.000000
        1.721500        21.000000
        1.736500        21.000000
        1.751500        20.000000
        1.766500        20.000000
        1.781500        20.000000
        1.796500        19.000000
        1.811500        19.000000
        1.826500        18.000000
        1.841500        17.000000
        1.856500        17.000000
        1.871500        16.000000
        1.886500        17.000000
        1.901500        17.000000
        1.916500        16.000000
        1.931500        16.000000
        1.946500        15.000000
        1.961500        14.000000
        1.976500        14.000000
        1.991500        14.000000
        2.006500        14.000000
        2.021500        13.000000
        2.036500        13.000000
        2.051500        14.000000
        2.066500        14.000000
        2.081500        14.000000
        2.096500        14.000000
        2.111500        14.000000
        2.126500        13.000000
        2.141500        12.000000
        2.156500        12.000000
        2.171500        12.000000
        2.186500        12.000000
        2.201500        13.000000
        2.216500        13.000000
        2.231500        13.000000
        2.246500        12.000000
        2.261500        12.000000
        2.276500        13.000000
        2.291500        12.000000
        2.306500        12.000000
        2.321500        12.000000
        2.336500        12.000000
        2.351500        12.000000
        2.366500        12.000000
        2.381500        12.000000
        2.396500        13.000000
        2.411500        12.000000
        2.426500        12.000000
        2.441500        12.000000
        2.456500        12.000000
        2.471500        12.000000
        2.486500        11.000000
        2.501500        11.000000
        2.516500        11.000000
        2.531500        12.000000
        2.546500        12.000000
        2.561500        12.000000
        2.576500        12.000000
        2.591500        12.000000
        2.606500        12.000000
        2.621500        12.000000
        2.636500        12.000000
        2.651500        11.000000
        2.666500        11.000000
        2.681500        11.000000
        2.696500        11.000000
        2.711500        11.000000
        2.726500        11.000000
        2.741500        12.000000
        2.756500        11.000000
        2.771500        11.000000
        2.786500        12.000000
        2.801500        12.000000
        2.816500        12.000000
        2.831500        12.000000
        2.846500        12.000000
        2.861500        12.000000
        2.876500        12.000000
        2.891500        12.000000
        2.906500        12.000000
        2.921500        12.000000
        2.936500        13.000000
        2.951500        12.000000
        2.966500        12.000000
        2.981500        12.000000
        2.996500        12.000000
        3.011500        12.000000
        3.026500        12.000000
        3.041500        12.000000
        3.056500        12.000000
        3.071500        12.000000
        3.086500        12.000000
        3.101500        12.000000
        3.116500        12.000000
        3.131500        12.000000
        3.146500        12.000000
        3.161500        12.000000
        3.176500        12.000000
        3.191500        12.000000
        3.206500        12.000000
        3.221500        12.000000
        3.236500        12.000000
        3.251500        12.000000
        3.266500        12.000000
        3.281500        12.000000
        3.296500        12.000000
        3.311500        13.000000
        3.326500        13.000000
        3.341500        13.000000
        3.356500        13.000000
        3.371500        13.000000
        3.386500        13.000000
        3.401500        13.000000
        3.416500        13.000000
        3.431500        13.000000
        3.446500        13.000000
        3.461500        13.000000
        3.476500        12.000000
        3.491500        12.000000
        3.506500        12.000000
        3.521500        12.000000
        3.536500        11.000000
        3.551500        11.000000
        3.566500        11.000000
        3.581500        11.000000
        3.596500        10.000000
        3.611500        10.000000
        3.626500        11.000000
        3.641500        11.000000
        3.656500        12.000000
        3.671500        12.000000
        3.686500        12.000000
        3.701500        13.000000
        3.716500        14.000000
        3.731500        15.000000
        3.746500        15.000000
        3.761500        16.000000
        3.776500        16.000000
        3.791500        16.000000
        3.806500        17.000000
        3.821500        17.000000
        3.836500        18.000000
        3.851500        19.000000
        3.866500        20.000000
        3.881500        21.000000
        3.896500        22.000000
        3.911500        22.000000
        3.926500        22.000000
        3.941500        22.000000
        3.956500        22.000000
        3.971500        22.000000
        3.986500        22.000000
        4.001500        22.000000
        4.016500        22.000000
        4.031500        22.000000
        4.046500        22.000000
        4.061500        22.000000
        4.076500        23.000000
        4.091500        24.000000
        4.106500        24.000000
        4.121500        25.000000
        4.136500        26.000000
        4.151500        27.000000
        4.166500        28.000000
        4.181500        28.000000
        4.196500        29.000000
        4.211500        29.000000
        4.226500        29.000000
        4.241500        28.000000
        4.256500        28.000000
        4.271500        28.000000
        4.286500        27.000000
        4.301500        26.000000
        4.316500        26.000000
        4.331500        26.000000
        4.346500        25.000000
        4.361500        24.000000
        4.376500        23.000000
        4.391500        22.000000
        4.406500        21.000000
        4.421500        20.000000
        4.436500        19.000000
        4.451500        17.000000
        4.466500        19.000000
        4.481500        21.000000
        4.496500        21.000000
        4.511500        20.000000
        4.526500        20.000000
        4.541500        20.000000
        4.556500        20.000000
        4.571500        20.000000
        4.586500        21.000000
        4.601500        21.000000
        4.616500        21.000000
        4.631500        21.000000
        4.646500        21.000000
        4.661500        21.000000
        4.676500        21.000000
        4.691500        20.000000
        4.706500        20.000000
        4.721500        20.000000
        4.736500        20.000000
        4.751500        19.000000
        4.766500        19.000000
        4.781500        18.000000
        4.796500        19.000000
        4.811500        19.000000
        4.826500        19.000000
        4.841500        19.000000
        4.856500        18.000000
        4.871500        17.000000
        4.886500        17.000000
        4.901500        18.000000
        4.916500        18.000000
        4.931500        18.000000
        4.946500        19.000000
        4.961500        20.000000
        4.976500        21.000000
        4.991500        19.000000
        5.006500        20.000000
        5.021500        22.000000
        5.036500        23.000000
        5.051500        24.000000
        5.066500        22.000000
        5.081500        21.000000
        5.096500        20.000000
        5.111500        21.000000
        5.126500        22.000000
        5.141500        21.000000
        5.156500        21.000000
        5.171500        21.000000
        5.186500        21.000000
        5.201500        21.000000
        5.216500        22.000000
        5.231500        22.000000
        5.246500        23.000000
        5.261500        22.000000
        5.276500        22.000000
        5.291500        23.000000
        5.306500        23.000000
        5.321500        23.000000
        5.336500        24.000000
        5.351500        24.000000
        5.366500        23.000000
        5.381500        23.000000
        5.396500        23.000000
        5.411500        22.000000
        5.426500        23.000000
        5.441500        24.000000
        5.456500        25.000000
        5.471500        25.000000
        5.486500        23.000000
        5.501500        25.000000
        5.516500        26.000000
        5.531500        26.000000
        5.546500        25.000000
        5.561500        24.000000
        5.576500        23.000000
        5.591500        23.000000
        5.606500        22.000000
        5.621500        23.000000
        5.636500        23.000000
        5.651500        24.000000
        5.666500        24.000000
        5.681500        24.000000
        5.696500        25.000000
        5.711500        26.000000
        5.726500        25.000000
        5.741500        26.000000
        5.756500        26.000000
        5.771500        26.000000
        5.786500        25.000000
        5.801500        25.000000
        5.816500        24.000000
        5.831500        23.000000
        5.846500        21.000000
        5.861500        21.000000
        5.876500        20.000000
        5.891500        20.000000
        5.906500        20.000000
        5.921500        19.000000
        5.936500        18.000000
        5.951500        17.000000
        5.966500        17.000000
        5.981500        17.000000
        5.996500        16.000000
        6.011500        16.000000
        6.026500        16.000000
        6.041500        14.000000
        6.056500        13.000000
        6.071500        13.000000
        6.086500        12.000000
        6.101500        11.000000
        6.116500        11.000000
        6.131500        11.000000
        6.146500        11.000000
        6.161500        11.000000
        6.176500        10.000000
        6.191500        10.000000
        6.206500         9.000000
        6.221500         9.000000
        6.236500         8.000000
        6.251500        10.000000
        6.266500        12.000000
        6.281500        12.000000
        6.296500         9.000000
        6.311500        10.000000
        6.326500        11.000000
        6.341500        12.000000
        6.356500        13.000000
        6.371500        13.000000
        6.386500        15.000000
        6.401500        16.000000
        6.416500        17.000000
        6.431500        18.000000
        6.446500        19.000000
        6.461500        19.000000
        6.476500        20.000000
        6.491500        21.000000
        6.506500        22.000000
        6.521500        22.000000
        6.536500        22.000000
        6.551500        22.000000
        6.566500        22.000000
        6.581500        22.000000
        6.596500        22.000000
        6.611500        22.000000
        6.626500        22.000000
        6.641500        22.000000
        6.656500        22.000000
        6.671500        22.000000
        6.686500        22.000000
        6.701500        22.000000
        6.716500        22.000000
        6.731500        23.000000
        6.746500        24.000000
        6.761500        26.000000
        6.776500        27.000000
        6.791500        27.000000
        6.806500        28.000000
        6.821500        29.000000
        6.836500        30.000000
        6.851500        28.000000
        6.866500        25.000000
        6.881500        24.000000
        6.896500        21.000000
        6.911500        21.000000
        6.926500        21.000000
        6.941500        21.000000
        6.956500        21.000000
        6.971500        20.000000
        6.986500        20.000000
        7.001500        18.000000
        7.016500        18.000000
        7.031500        18.000000
        7.046500        17.000000
        7.061500        17.000000
        7.076500        17.000000
        7.091500        17.000000
        7.106500        18.000000
        7.121500        20.000000
        7.136500        21.000000
        7.151500        15.000000
        7.166500        17.000000
        7.181500        18.000000
        7.196500        19.000000
        7.211500        21.000000
        7.226500        22.000000
        7.241500        25.000000
        7.256500        26.000000
        7.271500        27.000000
        7.286500        28.000000
        7.301500        28.000000
        7.316500        28.000000
        7.331500        28.000000
        7.346500        27.000000
        7.361500        25.000000
        7.376500        25.000000
        7.391500        25.000000
        7.406500        25.000000
        7.421500        24.000000
        7.436500        24.000000
        7.451500        24.000000
        7.466500        24.000000
        7.481500        25.000000
        7.496500        24.000000
        7.511500        24.000000
        7.526500        25.000000
        7.541500        24.000000
        7.556500        24.000000
        7.571500        24.000000
        7.586500        24.000000
        7.601500        24.000000
        7.616500        24.000000
        7.631500        24.000000
        7.646500        25.000000
        7.661500        25.000000
        7.676500        25.000000
        7.691500        25.000000
        7.706500        24.000000
        7.721500        22.000000
        7.736500        21.000000
        7.751500        21.000000
        7.766500        20.000000
        7.781500        20.000000
        7.796500        19.000000
        7.811500        18.000000
        7.826500        19.000000
        7.841500        19.000000
        7.856500        19.000000
        7.871500        19.000000
        7.886500        19.000000
        7.901500        19.000000
        7.916500        19.000000
        7.931500        20.000000
        7.946500        20.000000
        7.961500        20.000000
        7.976500        21.000000
        7.991500        21.000000
        8.006500        22.000000
        8.021500        22.000000
        8.036500        22.000000
        8.051500        21.000000
        8.066500        21.000000
        8.081500        21.000000
        8.096500        21.000000
        8.111500        21.000000
        8.126500        20.000000
        8.141500        20.000000
        8.156500        19.000000
        8.171500        19.000000
        8.186500        19.000000
        8.201500        18.000000
        8.216500        18.000000
        8.231500        18.000000
        8.246500        17.000000
        8.261500        17.000000
        8.276500        16.000000
        8.291500        15.000000
        8.306500        15.000000
        8.321500        14.000000
        8.336500        14.000000
        8.351500        14.000000
        8.366500        13.000000
        8.381500        13.000000
        8.396500        13.000000
        8.411500        12.000000
        8.426500        12.000000
        8.441500        13.000000
        8.456500        14.000000
        8.471500        15.000000
        8.486500        14.000000
        8.501500        14.000000
        8.516500        15.000000
        8.531500        16.000000
        8.546500        18.000000
        8.561500        19.000000
        8.576500        20.000000
        8.591500        21.000000
        8.606500        20.000000
        8.621500        20.000000
        8.636500        19.000000
        8.651500        19.000000
        8.666500        18.000000
        8.681500        18.000000
        8.696500        17.000000
        8.711500        17.000000
        8.726500        17.000000
        8.741500        17.000000
        8.756500        18.000000
        8.771500        18.000000
        8.786500        18.000000
        8.801500        19.000000
        8.816500        20.000000
        8.831500        20.000000
        8.846500        20.000000
        8.861500        21.000000
        8.876500        22.000000
        8.891500        22.000000
        8.906500        22.000000
        8.921500        23.000000
        8.936500        24.000000
        8.951500        25.000000
        8.966500        27.000000
        8.981500        28.000000
        8.996500        28.000000
        9.011500        29.000000
        9.026500        29.000000
        9.041500        29.000000
        9.056500        29.000000
        9.071500        28.000000
        9.086500        26.000000
        9.101500        25.000000
        9.116500        23.000000
        9.131500        22.000000
        9.146500        20.000000
        9.161500        20.000000
        9.176500        20.000000
        9.191500        20.000000
        9.206500        20.000000
        9.221500        20.000000
        9.236500        21.000000
        9.251500        22.000000
        9.266500        23.000000
        9.281500        23.000000
        9.296500        24.000000
        9.311500        25.000000
        9.326500        26.000000
        9.341500        26.000000
        9.356500        26.000000
        9.371500        26.000000
        9.386500        26.000000
        9.401500        26.000000
        9.416500        26.000000
        9.431500        26.000000
        9.446500        26.000000
        9.461500        26.000000
        9.476500        26.000000
        9.491500        25.000000
        9.506500        25.000000
        9.521500        24.000000
        9.536500        23.000000
        9.551500        22.000000
        9.566500        22.000000
        9.581500        21.000000
        9.596500        21.000000
        9.611500        21.000000
        9.626500        21.000000
        9.641500        20.000000
        9.656500        20.000000
        9.671500        19.000000
        9.686500        20.000000
        9.701500        19.000000
        9.716500        20.000000
        9.731500        20.000000
        9.746500        20.000000
        9.761500        21.000000
        9.776500        21.000000
        9.791500        22.000000
        9.806500        21.000000
        9.821500        22.000000
        9.836500        22.000000
        9.851500        21.000000
        9.866500        21.000000
        9.881500        21.000000
        9.896500        21.000000
