        0.120034        16.058825
        0.140075        17.641993
        0.160100        19.437578
        0.180108        20.598021
        0.200134        20.906874
        0.220160        20.906874
        0.240186        20.906874
        0.260212        20.987907
        0.280238        21.095226
        0.300255        21.122982
        0.320272        21.151449
        0.340289        21.240696
        0.360306        21.362127
        0.380323        21.819782
        0.400339        22.716545
        0.420359        23.157141
        0.440385        23.525848
        0.460411        24.264425
        0.480443        25.764746
        0.500469        26.647192
        0.520479        27.376661
        0.540489        27.774887
        0.560509        28.023651
        0.580529        28.094778
        0.600549        28.143471
        0.620569        28.316717
        0.640589        28.492945
        0.660609        28.601145
        0.680616        27.461897
        0.700628        23.715693
        0.720630        21.209368
        0.740651        21.321390
        0.760668        22.366899
        0.780688        23.225212
        0.800714        23.275139
        0.820740        23.275139
        0.840766        23.275139
        0.860792        23.275139
        0.880818        21.793991
        0.900836        18.787838
        0.920876        15.903339
        0.940884        15.305000
        0.960906        15.710873
        0.980956        16.629234
        1.000972        17.386976
        1.020982        17.576353
        1.041007        17.576353
        1.061032        17.576353
        1.081057        15.513711
        1.101106        13.297680
        1.121155        12.902146
        1.141183        13.381433
        1.161184        14.671429
        1.181218        15.615211
        1.201261        15.696055
        1.221311        15.696055
        1.241361        15.764299
        1.261411        16.035086
        1.281452        17.296444
        1.301462        18.996799
        1.321496        20.533072
        1.341522        21.262636
        1.361539        21.400545
        1.381556        21.400545
        1.401573        21.525490
        1.421590        21.725431
        1.441606        21.962423
        1.461622        21.962423
        1.481638        21.991245
        1.501654        22.020803
        1.521670        22.133156
        1.541686        23.024570
        1.561712        24.437288
        1.581744        25.168322
        1.601770        25.257509
        1.621796        25.257509
        1.641822        22.510225
        1.661846        20.470350
        1.681857        20.983921
        1.701883        22.800541
        1.721903        23.602934
        1.741934        22.759972
        1.761956        19.675264
        1.781961        16.955105
        1.801990        16.955105
        1.822012        18.179655
        1.842032        18.814005
        1.862066        18.814005
        1.882100        16.748137
        1.902127        14.804610
        1.922168        14.804610
        1.942202        15.125899
        1.962222        15.275937
        1.982242        15.275937
        2.002262        14.418614
        2.022285        12.427804
        2.042326        11.726572
        2.062390        11.867856
        2.082423        12.917158
        2.102431        14.251593
        2.122479        15.173385
        2.142499        14.374665
        2.162522        12.410132
        2.182563        10.639101
        2.202599        10.479177
        2.222664        11.587586
        2.242674        12.783388
        2.262700        13.661858
        2.282710        13.970421
        2.302717        13.491596
        2.322720        12.228306
        2.342746        12.228306
        2.362766        12.343667
        2.382798        12.707269
        2.402824        12.915354
        2.422832        13.011269
        2.442840        13.011269
        2.462848        13.011269
        2.482856        12.317556
        2.502891        11.131504
        2.522920        10.126342
        2.542994        10.351616
        2.563014        11.471674
        2.583024        12.576548
        2.603058        13.137161
        2.623098        12.720497
        2.643126        11.666814
        2.663192        11.666814
        2.683252        11.694725
        2.703312        11.694725
        2.723372        11.694725
        2.743432        11.754392
        2.763492        11.897938
        2.783525        11.897938
        2.803558        11.988536
        2.823622        12.109460
        2.843686        12.297829
        2.863706        12.785716
        2.883732        12.925154
        2.903740        12.925154
        2.923748        12.953749
        2.943756        12.982156
        2.963764        13.011932
        2.983772        13.011932
        3.003780        13.011932
        3.023788        13.065260
        3.043796        13.065260
        3.063804        13.100957
        3.083812        13.100957
        3.103820        13.100957
        3.123828        12.058232
        3.143831        11.441371
        3.163844        11.441371
        3.183854        11.531461
        3.203864        11.816277
        3.223897        12.131406
        3.243917        12.332181
        3.263949        12.509379
        3.283983        12.627957
        3.304017        12.752839
        3.324043        12.905394
        3.344051        13.036705
        3.364059        13.213560
        3.384099        13.773660
        3.404109        13.888036
        3.424116        13.331343
        3.444159        12.254164
        3.464184        12.338870
        3.484216        13.003664
        3.504224        13.236788
        3.524264        12.717698
        3.544292        10.995003
        3.564318         9.611306
        3.584332         9.651690
        3.604340        10.382447
        3.624360        10.890392
        3.644362        11.446662
        3.664372        12.610305
        3.684406        13.726152
        3.704416        14.583648
        3.724450        15.543052
        3.744493        15.890373
        3.764543        16.197645
        3.784584        17.175138
        3.804594        17.691113
        3.824619        18.544689
        3.844657        20.011200
        3.864664        21.411951
        3.884681        22.298014
        3.904701        22.864290
        3.924727        23.043488
        3.944753        23.067797
        3.964779        23.183104
        3.984805        23.263760
        4.004831        23.263760
        4.024857        23.263760
        4.044883        23.124735
        4.064909        23.124735
        4.084935        23.159351
        4.104961        23.338787
        4.124987        24.119558
        4.145018        26.063999
        4.165028        28.000032
        4.185048        29.544701
        4.205055        30.452253
        4.225075        30.971395
        4.245100        29.892212
        4.265121        25.786970
        4.285152        23.645041
        4.305185        25.536640
        4.325211        27.046091
        4.345221        27.559158
        4.365231        25.771204
        4.385259        22.235640
        4.405283        19.036942
        4.425324        18.778387
        4.445358        18.807947
        4.465392        18.836060
        4.485426        18.886156
        4.505460        19.532440
        4.525500        20.288370
        4.545507        20.450590
        4.565514        20.497992
        4.585521        20.594986
        4.605547        21.103777
        4.625564        21.432468
        4.645581        21.619892
        4.665598        21.649508
        4.685614        21.737894
        4.705630        20.749807
        4.725658        18.760658
        4.745696        18.760658
        4.765730        18.998201
        4.785764        19.077360
        4.805772        19.118839
        4.825780        19.197561
        4.845788        19.197561
        4.865796        19.197561
        4.885804        17.924603
        4.905827        15.920505
        4.925833        15.920505
        4.945883        16.641958
        4.965899        18.368467
        4.985937        20.306040
        5.005944        22.315439
        5.025964        24.203295
        5.045995        25.042927
        5.066021        25.001177
        5.086047        21.662411
        5.106068        18.554941
        5.126070        18.365456
        5.146108        20.396561
        5.166115        22.178946
        5.186131        22.898127
        5.206157        22.033087
        5.226175        20.267286
        5.246185        21.102903
        5.266202        23.284430
        5.286228        24.428078
        5.306260        24.651070
        5.326292        24.651070
        5.346324        24.651070
        5.366356        24.678705
        5.386388        24.678705
        5.406420        23.942553
        5.426452        20.752333
        5.446483        20.390633
        5.466491        22.618948
        5.486511        25.238436
        5.506537        27.561209
        5.526547        28.237032
        5.546567        27.359325
        5.566578        23.623524
        5.586580        20.300920
        5.606593        20.397285
        5.626600        22.170563
        5.646616        24.250772
        5.666648        25.452585
        5.686674        25.550371
        5.706700        25.624218
        5.726726        26.140144
        5.746736        26.507544
        5.766746        26.755123
        5.786756        26.929090
        5.806766        25.061365
        5.826794        21.614347
        5.846817        19.507750
        5.866829        19.584856
        5.886869        20.116867
        5.906876        20.286430
        5.926883        20.325417
        5.946890        18.710079
        5.966927        16.150370
        5.986975        14.031824
        6.006990        14.031824
        6.026997        14.915212
        6.047031        15.556029
        6.067074        14.913975
        6.087110        12.944385
        6.107126        10.967778
        6.127153         9.064699
        6.147233         7.949151
        6.167245         8.019239
        6.187342         8.764548
        6.207362         9.622014
        6.227365         9.926596
        6.247445         9.153421
        6.267462         9.043164
        6.287527        10.264660
        6.307547        11.269371
        6.327567        12.407466
        6.347599        13.535411
        6.367600        14.974378
        6.387634        16.579805
        6.407650        17.927580
        6.427670        19.176216
        6.447678        19.928947
        6.467718        20.867014
        6.487744        21.915403
        6.507760        22.781664
        6.527780        23.052797
        6.547806        23.077322
        6.567832        23.077322
        6.587858        23.077322
        6.607884        23.077322
        6.627910        23.077322
        6.647936        23.077322
        6.667962        23.077322
        6.687988        23.077322
        6.708014        23.077322
        6.728040        23.077322
        6.748066        23.077322
        6.768092        23.313110
        6.788118        25.248241
        6.808144        27.711927
        6.828164        29.770714
        6.848184        30.938162
        6.868209        28.138885
        6.888232        24.268858
        6.908236        20.889202
        6.928268        18.154974
        6.948294        17.644939
        6.968320        18.304640
        6.988358        19.202963
        7.008366        19.475224
        7.028374        19.475224
        7.048382        18.306902
        7.068422        15.913312
        7.088429        13.546040
        7.108439        13.653548
        7.128449        15.120685
        7.148469        16.818344
        7.168491        18.621948
        7.188525        20.572340
        7.208551        22.848370
        7.228571        25.166351
        7.248597        27.711729
        7.268617        28.821543
        7.288624        28.999840
        7.308631        29.048416
        7.328638        29.163538
        7.348645        29.163538
        7.368652        26.219866
        7.388665        22.570942
        7.408690        21.941368
        7.428707        22.918703
        7.448733        24.048714
        7.468764        24.708309
        7.488796        24.860229
        7.508828        25.010637
        7.528854        25.100836
        7.548880        25.100836
        7.568906        25.100836
        7.588932        25.100836
        7.608958        25.100836
        7.628984        25.100836
        7.649010        25.145342
        7.669036        25.145342
        7.689062        25.145342
        7.709088        25.145342
        7.729114        23.509872
        7.749143        20.992531
        7.769173        17.405815
        7.789205        15.145080
        7.809232        15.145080
        7.829252        15.854531
        7.849302        17.327099
        7.869312        19.016109
        7.889346        20.412359
        7.909353        20.696390
        7.929379        20.696390
        7.949405        20.696390
        7.969431        20.696390
        7.989457        20.775555
        8.009483        20.971457
        8.029509        21.544954
        8.049526        22.239397
        8.069546        22.389622
        8.089566        21.742523
        8.109583        19.502041
        8.129596        19.502041
        8.149604        19.703136
        8.169644        19.870083
        8.189684        19.870083
        8.209724        19.870083
        8.229764        18.447243
        8.249805        15.901210
        8.269812        15.598796
        8.289856        15.685456
        8.309899        15.710779
        8.329949        15.710779
        8.349999        13.754036
        8.370017        11.659459
        8.390019        10.106314
        8.410096        10.127513
        8.430142        10.852682
        8.450144        11.803987
        8.470177        12.995932
        8.490185        14.491044
        8.510205        16.007647
        8.530246        17.811760
        8.550266        19.851917
        8.570306        22.048555
        8.590322        23.388264
        8.610348        22.541012
        8.630369        19.490814
        8.650383        17.058685
        8.670398        17.127472
        8.690408        17.693262
        8.710433        17.943962
        8.730453        17.989565
        8.750473        17.989565
        8.770493        18.024292
        8.790513        18.227196
        8.810551        18.575096
        8.830589        19.432611
        8.850597        20.725389
        8.870623        21.894480
        8.890639        22.511198
        8.910659        23.799492
        8.930690        25.273163
        8.950716        26.938398
        8.970726        28.513252
        8.990746        29.815050
        9.010766        30.908955
        9.030791        31.023628
        9.050816        30.335390
        9.070837        26.215084
        9.090851        23.530523
        9.110852        23.566395
        9.130883        23.605352
        9.150914        21.374786
        9.170935        18.472044
        9.190936        17.573545
        9.210963        17.676783
        9.230988        18.477470
        9.251026        20.238337
        9.271033        22.377371
        9.291053        24.496454
        9.311085        25.811970
        9.331095        26.647272
        9.351105        26.962194
        9.371115        27.101662
        9.391125        27.101662
        9.411135        27.128077
        9.431145        27.128077
        9.451155        27.156874
        9.471165        27.156874
        9.491175        27.205196
        9.511185        24.898075
        9.531188        21.452759
        9.551210        21.040958
        9.571237        21.208948
        9.591254        21.361525
        9.611271        21.394459
        9.631288        21.448757
        9.651305        21.448757
        9.671322        21.448757
        9.691339        18.890728
        9.711378        16.875196
        9.731405        16.984776
        9.751427        18.104309
        9.771447        19.922665
        9.791487        21.905569
        9.811503        23.182320
        9.831529        23.209276
        9.851555        22.623184
        9.871576        20.533293
        9.891605        20.533293
