0.106039	0
0.113826	0
0.114993	0
0.116159	0
0.117324	1
0.119254	2
0.120421	2
0.121582	1
0.122741	1
0.1239	1
0.125057	2
0.126215	2
0.127372	2
0.12853	3
0.129686	3
0.130842	3
0.131996	3
0.133149	4
0.134301	4
0.135452	4
0.1366	5
0.137749	5
0.138898	5
0.140044	6
0.141191	6
0.142335	7
0.14348	7
0.144623	8
0.145766	8
0.146907	9
0.148048	9
0.149188	9
0.150327	10
0.151466	10
0.152603	10
0.153741	11
0.154877	11
0.156013	11
0.157149	11
0.158284	12
0.159417	12
0.160551	12
0.161684	12
0.162817	13
0.163949	13
0.16508	13
0.166209	13
0.16734	13
0.16847	13
0.169599	13
0.170727	13
0.171854	13
0.172981	13
0.174107	13
0.175232	13
0.176356	13
0.177481	13
0.178604	13
0.179729	13
0.180854	13
0.181977	13
0.1831	13
0.184223	13
0.185345	13
0.186468	13
0.187587	13
0.188706	13
0.189824	13
0.190943	13
0.192061	13
0.19318	13
0.194298	13
0.195417	13
0.196535	13
0.197651	13
0.198768	13
0.199883	13
0.200997	13
0.202112	13
0.203225	13
0.204337	13
0.205449	13
0.206562	13
0.207676	12
0.208788	11
0.2099	10
0.211012	9
0.212124	8
0.213234	7
0.214344	7
0.215452	6
0.21656	5
0.217667	5
0.218775	4
0.219882	4
0.220988	3
0.222093	3
0.223216	3
0.224358	2
0.225501	2
0.226643	2
0.227784	2
0.228927	2
0.230068	2
0.23121	1
0.232353	1
0.233495	1
0.234635	1
0.235778	1
0.23692	1
0.238008	1
0.239093	1
0.240177	1
0.24126	1
0.242341	1
0.243422	1
0.244501	1
0.24558	1
0.246658	1
0.247734	1
0.24881	2
0.249885	2
0.25096	2
0.252033	2
0.253105	2
0.254176	2
0.255246	2
0.256316	2
0.257384	2
0.258452	2
0.259519	2
0.260585	2
0.26165	2
0.262712	2
0.263774	2
0.264835	2
0.265894	2
0.266951	2
0.268005	2
0.269057	2
0.270107	2
0.271154	2
0.272198	2
0.273241	2
0.274281	2
0.275318	2
0.276354	2
0.277387	2
0.278418	2
0.279448	1
0.280476	1
0.281501	1
0.282525	1
0.283548	1
0.284568	1
0.285589	1
0.286647	1
0.287726	1
0.288805	1
0.289884	1
0.290963	1
0.292043	1
0.293122	1
0.2942	1
0.29528	1
0.296333	1
0.297363	1
0.298392	1
0.299424	1
0.300455	1
0.301486	1
0.30252	1
0.303552	1
0.304583	1
0.305614	1
0.306643	1
0.30767	1
0.308696	2
0.309721	2
0.310744	2
0.311766	2
0.312787	2
0.313806	2
0.314824	2
0.315842	2
0.316858	2
0.317874	2
0.318888	2
0.3199	2
0.320912	2
0.321923	2
0.322934	2
0.323944	2
0.324954	2
0.325962	2
0.32697	2
0.327978	2
0.328984	2
0.329989	2
0.330993	1
0.331996	1
0.332998	1
0.333998	1
0.334997	1
0.335995	1
0.336992	1
0.337988	1
0.338982	1
0.339976	1
0.340968	1
0.341959	1
0.342948	1
0.343935	1
0.344921	1
0.345904	1
0.346884	1
0.347862	1
0.348838	1
0.34981	1
0.35078	1
0.351746	1
0.35271	1
0.353671	1
0.354684	1
0.35564	1
0.356594	1
0.357544	1
0.358492	1
0.359438	1
0.360382	1
0.361323	1
0.362259	1
0.363193	1
0.364122	1
0.365049	1
0.365973	1
0.366895	1
0.367815	1
0.368733	1
0.369649	2
0.370564	2
0.371477	2
0.372389	2
0.373301	2
0.374211	2
0.375119	2
0.376026	2
0.376932	2
0.377836	2
0.37874	2
0.379644	1
0.380545	1
0.381447	1
0.382349	1
0.383249	1
0.38415	1
0.385052	1
0.385954	1
0.386855	1
0.387756	1
0.388657	1
0.389557	1
0.390457	1
0.391356	1
0.392254	1
0.393152	1
0.394048	1
0.394945	1
0.395852	1
0.396784	1
0.397716	1
0.398647	1
0.399579	1
0.40051	1
0.401443	1
0.402374	1
0.403306	1
0.404238	1
0.405169	1
0.4061	1
0.407032	1
0.407964	0
0.408896	0
0.409827	0
0.41076	0
0.411691	0
0.412623	0
0.413555	0
0.414487	0
0.415361	0
0.416234	0
0.417108	1
0.41798	1
0.418852	1
0.419724	1
0.420596	1
0.421468	1
0.422339	1
0.423211	1
0.424082	1
0.424954	1
0.425825	1
0.426697	1
0.427568	1
0.42844	2
0.42931	2
0.430181	2
0.431051	2
0.431922	2
0.432791	2
0.43366	2
0.434529	2
0.435398	2
0.436266	2
0.437133	2
0.438	2
0.438865	1
0.43973	1
0.440595	1
0.441459	1
0.442323	1
0.443185	1
0.444048	1
0.44491	1
0.445771	1
0.446632	1
0.447492	1
0.448351	1
0.44921	1
0.450069	1
0.450926	1
0.451782	1
0.452638	1
0.453493	1
0.454349	1
0.455202	1
0.456055	1
0.456908	1
0.457761	1
0.458613	1
0.459466	1
0.460317	1
0.461168	1
0.462018	1
0.462867	1
0.463716	1
0.464563	1
0.46541	1
0.466255	1
0.467099	1
0.467943	1
0.468788	1
0.469631	1
0.470473	1
0.471315	1
0.472156	1
0.472998	1
0.473839	1
0.474679	1
0.47552	1
0.476359	1
0.477199	1
0.478037	1
0.478876	1
0.479713	1
0.480551	1
0.481389	1
0.482226	1
0.483063	2
0.4839	2
0.484737	2
0.485573	2
0.486411	2
0.487247	2
0.488084	2
0.488921	2
0.489758	2
0.490595	2
0.491431	2
0.492267	2
0.493104	2
0.49394	2
0.494776	1
0.495612	1
0.496448	1
0.497283	1
0.498118	1
0.498953	1
0.499787	1
0.500621	1
0.501456	1
0.50229	1
0.503124	1
0.503958	1
0.504792	1
0.505625	1
0.506458	1
0.507291	1
0.508125	1
0.508957	1
0.509789	1
0.51062	1
0.511452	1
0.512282	1
0.513113	1
0.513944	1
0.514774	1
0.515603	1
0.516432	1
0.517261	1
0.518089	1
0.518917	1
0.519745	1
0.520571	1
0.521396	1
0.522221	1
0.523045	1
0.523867	1
0.52469	1
0.525512	1
0.526335	1
0.527157	1
0.527979	1
0.528801	1
0.529625	1
0.530448	1
0.531272	1
0.532096	1
0.532921	1
0.533745	1
0.53457	1
0.535396	1
0.536222	1
0.537048	1
0.537875	1
0.538702	2
0.53953	2
0.540358	2
0.541187	2
0.542016	2
0.542845	2
0.543676	2
0.544507	2
0.545339	2
0.546171	2
0.547004	2
0.547837	2
0.54867	2
0.549504	2
0.550338	2
0.551173	2
0.552008	2
0.552844	1
0.55368	1
0.554517	1
0.555354	1
0.556192	1
0.557031	1
0.557869	1
0.558709	1
0.559549	1
0.560391	1
0.561234	1
0.562078	1
0.562922	1
0.563768	1
0.564616	1
0.565466	1
0.566316	1
0.567168	1
0.568021	2
0.568876	2
0.569731	2
0.570588	2
0.571446	2
0.572305	2
0.573165	2
0.574027	2
0.574889	2
0.575753	2
0.57662	2
0.577489	2
0.578359	2
0.579231	2
0.580105	2
0.58098	2
0.581856	2
0.582733	2
0.583613	2
0.584493	2
0.585374	2
0.586257	2
0.587141	2
0.588026	2
0.588913	2
0.589801	2
0.590691	3
0.591582	3
0.592476	3
0.59337	3
0.594266	3
0.595164	3
0.596063	4
0.596962	4
0.597862	4
0.598764	4
0.599665	4
0.600569	4
0.601475	4
0.602381	4
0.603289	4
0.6042	4
0.605112	4
0.606028	4
0.606943	4
0.607862	4
0.608782	4
0.609705	4
0.610628	4
0.611554	4
0.612482	4
0.61341	4
0.61434	5
0.615272	5
0.616206	5
0.617141	5
0.618078	5
0.619017	5
0.619957	5
0.620899	5
0.621842	5
0.622786	5
0.623731	6
0.624677	6
0.625624	6
0.626571	6
0.627519	6
0.628468	6
0.629416	6
0.630366	6
0.631315	7
0.632265	7
0.633214	7
0.634164	7
0.635115	7
0.636067	7
0.63702	7
0.637973	7
0.638929	7
0.639886	8
0.640844	8
0.641804	8
0.642766	8
0.643729	8
0.644693	8
0.645658	8
0.646624	8
0.647592	9
0.64856	9
0.649528	9
0.650498	9
0.651468	9
0.65244	10
0.653413	10
0.654388	10
0.655363	10
0.656339	10
0.657315	9
0.65829	9
0.659266	9
0.660241	9
0.661216	9
0.662193	9
0.66317	9
0.66415	9
0.665131	9
0.666115	10
0.6671	10
0.668088	10
0.669079	10
0.670073	10
0.671069	10
0.672066	10
0.673065	10
0.674066	10
0.675071	10
0.676077	10
0.677085	10
0.678095	10
0.679108	10
0.680123	10
0.68114	10
0.682158	10
0.683178	10
0.684197	10
0.685217	10
0.686238	10
0.687259	10
0.688281	10
0.689304	10
0.690326	10
0.691351	10
0.692376	10
0.693404	10
0.694432	10
0.695462	10
0.696492	10
0.697525	10
0.698559	10
0.699595	10
0.700633	10
0.701673	11
0.702715	11
0.703759	11
0.704805	11
0.705852	11
0.706901	11
0.707951	11
0.709	11
0.710051	11
0.711103	11
0.712154	11
0.713206	11
0.714257	11
0.715308	11
0.71636	11
0.717411	10
0.718463	10
0.719514	10
0.720564	10
0.721611	10
0.722658	10
0.723705	10
0.724751	10
0.725797	10
0.726842	9
0.727887	9
0.728933	9
0.729978	9
0.731024	9
0.73207	9
0.733117	9
0.734162	9
0.735208	9
0.736255	9
0.737303	9
0.738351	9
0.739398	9
0.740448	9
0.741498	9
0.742551	9
0.743604	9
0.744657	9
0.745712	9
0.746765	9
0.747821	9
0.748874	9
0.749928	9
0.750982	9
0.752035	9
0.75309	10
0.754143	10
0.755196	10
0.756249	10
0.757303	10
0.758356	9
0.759409	9
0.760463	9
0.761516	9
0.76257	9
0.763625	9
0.764679	9
0.765734	9
0.766791	9
0.76785	9
0.768911	9
0.769974	9
0.77104	9
0.772111	9
0.773186	9
0.774261	9
0.77534	9
0.776423	9
0.777509	9
0.778599	9
0.779694	9
0.780793	9
0.781895	9
0.783003	9
0.784117	10
0.785236	10
0.786359	10
0.787485	10
0.788615	10
0.789749	10
0.790886	10
0.792025	10
0.793167	10
0.794312	10
0.795461	10
0.796613	10
0.797767	10
0.798922	10
0.80008	10
0.801238	10
0.802399	11
0.80356	11
0.804722	11
0.805886	11
0.807051	11
0.808218	11
0.809387	11
0.810558	11
0.81173	11
0.812905	11
0.814082	11
0.815262	11
0.816445	11
0.817629	11
0.818815	11
0.820005	11
0.821201	11
0.822399	11
0.823601	11
0.824807	11
0.826014	11
0.827225	11
0.828439	11
0.829656	11
0.830873	11
0.832092	11
0.833313	11
0.834535	11
0.835759	11
0.836983	11
0.838212	11
0.839441	11
0.840672	11
0.841904	11
0.843137	11
0.844371	11
0.845606	11
0.846844	11
0.848084	11
0.849326	11
0.850569	11
0.851815	11
0.853061	11
0.85431	11
0.855562	11
0.856814	11
0.858068	11
0.859324	11
0.860582	11
0.861841	11
0.863101	11
0.864361	11
0.865623	11
0.866885	11
0.868146	11
0.869407	11
0.870664	11
0.871923	11
0.873181	11
0.874437	11
0.875695	11
0.876951	11
0.878209	11
0.879467	11
0.880724	11
0.881983	11
0.883244	11
0.884503	11
0.885762	11
0.887022	11
0.888284	11
0.88955	11
0.890818	11
0.89209	11
0.893366	11
0.894643	11
0.895924	11
0.897207	11
0.898495	11
0.899788	11
0.901084	11
0.902389	11
0.903699	11
0.905018	11
0.906344	11
0.907676	11
0.909016	11
0.91036	11
0.91171	11
0.913065	11
0.914426	11
0.915792	11
0.917159	11
0.91853	11
0.9199	11
0.92127	11
0.922638	11
0.924003	11
0.925368	11
0.926729	11
0.928091	11
0.929452	11
0.930813	11
0.932173	11
0.933531	11
0.934886	11
0.936241	11
0.937595	11
0.93895	11
0.940305	11
0.941657	11
0.943012	11
0.944368	11
0.945728	11
0.947089	11
0.948454	11
0.949825	11
0.951197	11
0.952577	11
0.953962	11
0.955351	11
0.956746	11
0.958147	11
0.959551	11
0.960965	11
0.962386	11
0.963816	12
0.965254	12
0.966698	12
0.968148	12
0.969604	12
0.971065	12
0.972533	12
0.974005	12
0.975483	12
0.976962	12
0.978447	12
0.979935	12
0.981426	12
0.98292	12
0.984412	12
0.985906	12
0.987396	12
0.988891	12
0.990385	12
0.991879	12
0.993371	12
0.994865	12
0.996359	13
0.997857	13
0.999351	13
1.00085	13
1.00234	13
1.00384	13
1.00534	13
1.00684	13
1.00834	13
1.00983	12
1.01133	12
1.01283	12
1.01433	12
1.01583	12
1.01732	12
1.01881	12
1.0203	12
1.02179	12
1.02329	12
1.02478	12
1.02627	12
1.02776	12
1.02926	12
1.03075	12
1.03223	12
1.03372	11
1.03519	11
1.03667	11
1.03815	11
1.03963	11
1.0411	11
1.04256	11
1.04402	11
1.04547	11
1.04691	11
1.04834	11
1.04978	11
1.05121	11
1.05263	11
1.05407	11
1.0555	11
1.05693	11
1.05836	11
1.05979	10
1.06123	10
1.06267	10
1.06413	10
1.06559	10
1.06707	10
1.06855	10
1.07005	10
1.07155	10
1.07306	10
1.07457	10
1.07609	11
1.07762	11
1.07915	11
1.08069	11
1.08223	11
1.08377	11
1.08531	11
1.08685	11
1.08838	11
1.08992	11
1.09147	11
1.09301	11
1.09456	11
1.0961	11
1.09765	11
1.09919	11
1.10074	11
1.10228	11
1.10382	11
1.10537	11
1.10692	11
1.10847	11
1.11001	11
1.11154	11
1.11307	11
1.1146	11
1.11612	11
1.11763	11
1.11914	10
1.12065	10
1.12214	10
1.12363	10
1.1251	10
1.12657	10
1.12802	10
1.12947	10
1.13092	10
1.13236	10
1.13379	10
1.13522	10
1.13664	9
1.13805	9
1.13946	9
1.14087	9
1.14228	9
1.14368	8
1.14509	8
1.14649	8
1.1479	8
1.1493	8
1.1507	8
1.15209	8
1.15348	8
1.15487	7
1.15626	7
1.15764	7
1.15902	7
1.16039	7
1.16176	7
1.16312	7
1.16448	7
1.16582	7
1.16716	7
1.1685	7
1.16982	6
1.17115	6
1.17246	6
1.17377	6
1.17508	6
1.17638	6
1.17767	6
1.17895	6
1.18023	6
1.18151	6
1.18279	6
1.18406	6
1.18533	6
1.1866	5
1.18787	5
1.18914	5
1.1904	4
1.19165	4
1.19291	4
1.19416	4
1.1954	4
1.19665	3
1.19789	3
1.19913	3
1.20037	3
1.2016	2
1.20285	2
1.20429	2
1.20572	2
1.20716	2
1.2086	2
1.21004	2
1.21148	2
1.21292	1
1.21435	1
1.21579	1
1.21723	1
1.21867	1
1.22011	1
1.22155	1
1.22299	1
1.22416	1
1.22533	1
1.2265	1
1.22767	1
1.22883	1
1.23	1
1.23116	1
1.23232	1
1.23347	1
1.23463	1
1.23579	1
1.23694	1
1.23809	1
1.23924	1
1.24039	1
1.24153	1
1.24267	1
1.24381	1
1.24495	1
1.24608	1
1.24721	1
1.24835	1
1.24948	1
1.25062	2
1.25175	2
1.25289	2
1.25402	2
1.25516	2
1.25629	2
1.25743	3
1.25856	3
1.2597	2
1.26084	2
1.26198	2
1.26312	2
1.26426	2
1.26541	2
1.26655	2
1.26769	2
1.26884	2
1.26998	2
1.27112	2
1.27226	2
1.27339	2
1.27453	2
1.27566	2
1.2768	2
1.27793	2
1.27907	2
1.2802	2
1.28133	2
1.28245	2
1.28358	2
1.2847	2
1.28582	2
1.28694	2
1.28806	2
1.28917	2
1.29028	2
1.2914	2
1.29251	2
1.29362	2
1.29472	2
1.29583	2
1.29693	1
1.29803	1
1.29912	1
1.30022	1
1.30131	1
1.30241	1
1.3035	1
1.30459	1
1.30568	1
1.30677	1
1.30786	1
1.30895	2
1.31003	2
1.31112	2
1.3122	2
1.31328	2
1.31436	3
1.31544	3
1.31652	3
1.3176	3
1.31868	2
1.31976	2
1.32083	2
1.32191	2
1.32298	2
1.32406	2
1.32513	2
1.3262	2
1.32727	2
1.32834	2
1.3294	2
1.33047	2
1.33154	2
1.33261	2
1.33368	2
1.33475	2
1.33582	2
1.33689	2
1.33796	2
1.33903	2
1.3401	2
1.34118	2
1.34226	2
1.34333	2
1.34441	2
1.3455	2
1.34658	2
1.34767	2
1.34876	2
1.34985	1
1.35094	1
1.35204	1
1.35313	1
1.35422	1
1.35531	1
1.35641	1
1.3575	1
1.3586	1
1.35969	1
1.36078	1
1.36188	1
1.36297	1
1.36406	2
1.36516	2
1.36625	2
1.36733	2
1.36842	2
1.36951	3
1.3706	3
1.37169	3
1.37277	2
1.37386	2
1.37495	2
1.37603	2
1.37711	2
1.37819	2
1.37928	2
1.38036	2
1.38143	2
1.38251	2
1.38359	2
1.38467	2
1.38574	2
1.38682	2
1.38789	2
1.38896	2
1.39003	2
1.3911	2
1.39217	2
1.39324	2
1.39431	2
1.39538	2
1.39645	2
1.39751	2
1.39858	2
1.39965	2
1.40071	2
1.40178	2
1.40285	2
1.40391	1
1.40497	1
1.40603	1
1.40709	1
1.40815	1
1.4092	1
1.41026	1
1.41131	1
1.41235	1
1.4134	1
1.41444	1
1.41548	1
1.41652	1
1.41755	1
1.41858	2
1.41961	2
1.42064	2
1.42166	2
1.42268	2
1.4237	2
1.42472	2
1.42573	2
1.42674	2
1.42774	2
1.42875	2
1.42975	2
1.43075	2
1.43174	2
1.43274	2
1.43373	2
1.43472	2
1.43571	2
1.43669	2
1.43767	2
1.43865	2
1.43963	2
1.44061	2
1.44158	2
1.44255	2
1.44352	2
1.44449	1
1.44546	1
1.44642	1
1.44739	1
1.44835	1
1.44931	1
1.45028	1
1.45124	1
1.45223	1
1.45326	1
1.45429	1
1.45531	1
1.45634	1
1.45737	1
1.4584	1
1.45942	1
1.46045	1
1.46148	1
1.4625	1
1.46353	1
1.46456	1
1.46559	1
1.46661	1
1.46764	1
1.46863	1
1.46959	1
1.47054	1
1.4715	1
1.47245	1
1.47341	1
1.47436	1
1.47532	1
1.47627	1
1.47723	1
1.47818	1
1.47913	1
1.48009	2
1.48104	2
1.482	2
1.48295	2
1.48391	2
1.48486	2
1.48582	2
1.48677	2
1.48773	2
1.48868	2
1.48964	1
1.4906	1
1.49155	1
1.49251	1
1.49347	1
1.49443	1
1.49539	1
1.49635	1
1.49731	1
1.49827	1
1.49923	1
1.50019	1
1.50115	1
1.50211	1
1.50307	1
1.50403	1
1.505	1
1.50596	1
1.50692	1
1.50788	1
1.50885	1
1.50981	1
1.51077	1
1.51173	1
1.51269	1
1.51365	1
1.51462	1
1.51558	1
1.51654	1
1.5175	1
1.51846	1
1.51943	1
1.52039	1
1.52135	1
1.52232	1
1.52328	1
1.52425	1
1.52521	1
1.52618	1
1.52714	1
1.52811	1
1.52907	1
1.53004	1
1.53101	2
1.53198	2
1.53295	2
1.53393	2
1.5349	2
1.53587	2
1.53685	2
1.53783	2
1.5388	2
1.53978	2
1.54076	2
1.54174	2
1.54272	2
1.5437	2
1.54468	2
1.54566	2
1.54664	2
1.54762	2
1.5486	2
1.54958	2
1.55056	2
1.55155	2
1.55253	2
1.55351	2
1.55449	2
1.55546	2
1.55644	2
1.55742	2
1.5584	2
1.55938	2
1.56036	2
1.56134	2
1.56232	2
1.5633	2
1.56428	2
1.56526	2
1.56625	2
1.56723	2
1.56822	2
1.56921	2
1.5702	2
1.57119	2
1.57218	2
1.57318	2
1.57417	2
1.57516	2
1.57616	2
1.57716	3
1.57816	3
1.57916	3
1.58017	3
1.58117	3
1.58218	3
1.58318	3
1.58419	3
1.58519	3
1.5862	3
1.58721	3
1.58822	3
1.58923	3
1.59024	3
1.59125	4
1.59226	4
1.59327	4
1.59428	4
1.5953	4
1.59631	4
1.59732	4
1.59834	4
1.59935	4
1.60037	4
1.60139	4
1.60241	4
1.60343	4
1.60445	4
1.60548	4
1.60651	4
1.60754	4
1.60858	4
1.60961	4
1.61065	4
1.61169	4
1.61274	4
1.61378	4
1.61483	4
1.61589	4
1.61694	4
1.618	4
1.61906	4
1.62012	4
1.62118	5
1.62225	5
1.62331	5
1.62437	5
1.62544	5
1.6265	5
1.62756	5
1.62862	5
1.62969	5
1.63075	5
1.63182	5
1.63288	5
1.63395	5
1.63502	5
1.63609	6
1.63716	6
1.63823	6
1.63931	6
1.64038	6
1.64146	6
1.64255	6
1.64364	7
1.64473	7
1.64583	7
1.64694	7
1.64805	7
1.64917	8
1.65029	8
1.65142	8
1.65255	8
1.65368	8
1.65482	8
1.65596	8
1.65711	8
1.65826	9
1.65942	9
1.66057	9
1.66173	9
1.66289	9
1.66404	9
1.6652	9
1.66636	9
1.66752	9
1.66868	9
1.66984	9
1.671	9
1.67215	9
1.67331	9
1.67447	9
1.67563	9
1.67679	9
1.67795	9
1.67911	10
1.68027	10
1.68143	10
1.68259	10
1.68375	10
1.68491	10
1.68607	10
1.68724	10
1.6884	10
1.68956	10
1.69073	10
1.6919	10
1.69307	10
1.69423	10
1.6954	10
1.69658	10
1.69775	10
1.69893	10
1.7001	10
1.70128	10
1.70246	10
1.70364	10
1.70482	10
1.706	10
1.70718	10
1.70836	10
1.70954	10
1.71072	10
1.71191	10
1.71309	10
1.71428	10
1.71547	10
1.71666	10
1.71785	10
1.71904	10
1.72024	10
1.72144	10
1.72265	10
1.72386	10
1.72508	10
1.72631	10
1.72755	10
1.72879	10
1.73004	10
1.73129	10
1.73255	10
1.73381	10
1.73508	10
1.73636	10
1.73764	10
1.73893	10
1.74023	11
1.74152	11
1.74282	11
1.74412	11
1.74542	11
1.74672	11
1.74803	11
1.74933	11
1.75064	11
1.75194	11
1.75326	11
1.75457	11
1.75589	12
1.7572	12
1.75851	12
1.75983	12
1.76114	12
1.76246	12
1.76379	12
1.76512	12
1.76646	12
1.7678	11
1.76914	11
1.77049	11
1.77184	11
1.7732	11
1.77456	11
1.77592	11
1.77729	11
1.77866	11
1.78003	12
1.78141	12
1.78278	12
1.78415	12
1.78552	12
1.78688	12
1.78824	12
1.7896	12
1.79095	12
1.7923	12
1.79365	12
1.795	12
1.79634	12
1.79768	12
1.79902	12
1.80036	12
1.8017	12
1.80305	12
1.80439	12
1.80574	12
1.8071	12
1.80845	12
1.80981	12
1.81117	12
1.81254	12
1.81391	12
1.81528	12
1.81667	12
1.81805	12
1.81945	12
1.82084	12
1.82224	12
1.82364	12
1.82505	12
1.82646	12
1.82787	12
1.82929	12
1.83071	12
1.83213	12
1.83356	12
1.835	12
1.83644	12
1.83788	12
1.83933	13
1.84078	13
1.84224	13
1.8437	13
1.84518	13
1.84666	13
1.84814	13
1.84964	13
1.85114	13
1.85264	13
1.85415	12
1.85567	12
1.85719	12
1.85872	12
1.86026	12
1.8618	12
1.86335	12
1.8649	12
1.86646	12
1.86801	12
1.86958	12
1.87115	12
1.87273	12
1.87431	12
1.87589	12
1.87748	12
1.87906	12
1.88065	12
1.88225	12
1.88385	12
1.88545	12
1.88705	12
1.88867	12
1.89028	12
1.89189	12
1.89351	12
1.89512	12
1.89674	12
1.89836	12
1.89999	12
1.90161	12
1.90324	12
1.90487	12
1.9065	12
1.90813	12
1.90977	12
1.9114	12
1.91304	12
1.91469	12
1.91635	12
1.918	13
1.91966	13
1.92133	13
1.92301	13
1.9247	13
1.92639	13
1.92809	13
1.92979	13
1.9315	13
1.93322	13
1.93494	13
1.93666	13
1.9384	13
1.94012	13
1.94185	13
1.94357	13
1.94529	13
1.947	13
1.9487	13
1.95039	13
1.95209	13
1.95377	13
1.95545	13
1.95713	13
1.95879	13
1.96045	13
1.9621	13
1.96375	13
1.96539	12
1.96703	12
1.96866	12
1.97029	12
1.97192	12
1.97354	12
1.97516	11
1.97678	11
1.9784	11
1.98002	11
1.98164	10
1.98325	10
1.98486	10
1.98647	10
1.98808	10
1.98969	10
1.99128	10
1.99287	10
1.99446	10
1.99604	10
1.99761	10
1.99918	10
2.00074	10
2.00231	10
2.00387	10
2.00543	10
2.007	10
2.00857	10
2.01015	10
2.01174	9
2.01334	9
2.01495	9
2.01656	9
2.01819	9
2.01982	9
2.02147	10
2.02313	10
2.0248	10
2.02648	10
2.02818	10
2.02989	10
2.03161	10
2.03334	10
2.03509	10
2.03685	10
2.03862	10
2.04041	10
2.04222	10
2.04403	10
2.04586	10
2.04768	10
2.04952	11
2.05135	11
2.05318	11
2.05502	11
2.05684	11
2.05866	11
2.06048	11
2.06229	11
2.06411	11
2.06592	11
2.06774	11
2.06957	11
2.0714	11
2.07325	11
2.0751	12
2.07697	12
2.07884	12
2.08073	12
2.08262	12
2.08452	12
2.08641	12
2.08828	12
2.09015	12
2.09199	12
2.09383	12
2.09565	12
2.09745	12
2.09924	12
2.10101	12
2.10278	12
2.10453	12
2.10627	12
2.10801	12
2.10976	12
2.1115	12
2.11324	12
2.11498	12
2.11673	11
2.11847	11
2.12021	11
2.12196	11
2.12371	11
2.12545	11
2.12719	11
2.12894	11
2.13068	11
2.13243	11
2.13417	11
2.13591	11
2.13766	11
2.1394	11
2.14115	11
2.1429	11
2.14466	11
2.14642	11
2.14818	11
2.14996	11
2.15174	11
2.15352	11
2.15532	11
2.15712	11
2.15892	11
2.16073	11
2.16254	11
2.16436	11
2.16617	11
2.16798	11
2.16977	11
2.17156	11
2.17334	11
2.17511	11
2.17687	11
2.17863	11
2.18038	11
2.18212	11
2.18385	11
2.18558	11
2.18732	11
2.18905	11
2.1908	11
2.19255	12
2.19431	12
2.19609	12
2.19787	11
2.19966	11
2.20146	11
2.20327	11
2.20508	11
2.2069	11
2.20872	11
2.21053	11
2.21234	11
2.21415	11
2.21595	11
2.21774	11
2.21953	11
2.22132	11
2.22311	11
2.2249	11
2.2267	11
2.2285	11
2.23031	11
2.23214	11
2.23397	10
2.23582	10
2.23768	10
2.23955	10
2.24143	10
2.2433	10
2.24518	10
2.24706	10
2.24893	11
2.25079	11
2.25264	11
2.25449	10
2.25632	10
2.25814	10
2.25995	10
2.26176	10
2.26356	10
2.26535	10
2.26715	10
2.26895	10
2.27074	10
2.27254	10
2.27434	10
2.27615	10
2.27796	10
2.27977	10
2.28159	10
2.28341	10
2.28523	10
2.28705	10
2.28887	10
2.29068	10
2.29248	10
2.29428	10
2.29607	10
2.29785	10
2.29962	10
2.3014	10
2.30317	10
2.30495	10
2.30672	10
2.3085	10
2.3103	10
2.3121	10
2.31392	10
2.31574	10
2.31758	9
2.31942	9
2.32128	9
2.32314	9
2.325	9
2.32687	9
2.32873	9
2.33058	9
2.33242	9
2.33426	9
2.33609	9
2.3379	9
2.33972	9
2.34152	9
2.34333	9
2.34513	9
2.34693	9
2.34874	9
2.35055	9
2.35238	9
2.35421	9
2.35605	9
2.35791	9
2.35977	9
2.36165	9
2.36354	9
2.36543	10
2.36733	10
2.36922	10
2.37112	10
2.373	10
2.37489	10
2.37677	10
2.37865	10
2.38053	10
2.38242	10
2.38431	10
2.38621	10
2.38813	10
2.39005	10
2.39201	10
2.39398	10
2.39596	10
2.39797	10
2.39999	10
2.40202	10
2.40406	10
2.4061	11
2.40814	11
2.41017	11
2.41219	11
2.4142	11
2.41619	11
2.41818	11
2.42015	11
2.42212	12
2.42408	12
2.42604	12
2.42799	12
2.42993	12
2.43187	12
2.43381	11
2.43575	11
2.4377	11
2.43964	11
2.44158	11
2.4435	11
2.44543	11
2.44736	11
2.44927	11
2.45118	11
2.45307	11
2.45496	11
2.45683	11
2.4587	11
2.46056	11
2.46241	11
2.46426	11
2.4661	11
2.46793	11
2.46976	10
2.4716	10
2.47343	10
2.47526	10
2.4771	10
2.47895	10
2.48079	10
2.48265	11
2.48451	11
2.48636	11
2.48822	11
2.49008	10
2.49194	10
2.4938	10
2.49566	10
2.49752	10
2.49938	9
2.50124	9
2.5031	9
2.50495	9
2.50681	9
2.50868	9
2.51056	9
2.51245	9
2.51434	9
2.51623	9
2.51814	9
2.52005	9
2.52196	9
2.52387	9
2.52578	9
2.52769	9
2.52959	9
2.53148	9
2.53337	9
2.53524	10
2.53711	10
2.53897	10
2.54083	10
2.54268	10
2.54454	10
2.5464	10
2.54826	10
2.55014	10
2.55204	10
2.55395	10
2.55588	10
2.55782	9
2.55978	9
2.56176	9
2.56376	9
2.56576	9
2.56778	9
2.56979	9
2.5718	9
2.57381	10
2.57582	10
2.57782	10
2.57982	10
2.58181	10
2.58381	10
2.5858	10
2.58781	10
2.58982	11
2.59185	11
2.59389	11
2.59596	11
2.59803	11
2.60011	11
2.60221	12
2.6043	12
2.60639	12
2.60847	12
2.61055	12
2.61262	12
2.61467	12
2.61671	12
2.61874	12
2.62076	12
2.62277	12
2.62478	12
2.62677	12
2.62877	12
2.63076	12
2.63274	12
2.63472	12
2.63669	12
2.63866	12
2.64062	12
2.64258	12
2.64453	12
2.64647	12
2.64842	12
2.65036	12
2.6523	12
2.65425	12
2.6562	12
2.65816	12
2.66012	12
2.66209	12
2.66407	11
2.66606	11
2.66805	11
2.67004	11
2.67204	11
2.67404	11
2.67604	11
2.67804	11
2.68002	11
2.682	11
2.68397	11
2.68594	11
2.6879	11
2.68986	11
2.69181	11
2.69376	11
2.6957	11
2.69765	11
2.69958	11
2.70153	11
2.70346	11
2.7054	11
2.70734	11
2.70927	11
2.71118	11
2.71309	11
2.715	11
2.7169	11
2.71881	11
2.72071	10
2.72261	10
2.72452	10
2.72642	10
2.72831	10
2.7302	9
2.73208	9
2.73396	9
2.73582	9
2.73768	9
2.73954	9
2.74138	9
2.74322	9
2.74504	9
2.74687	9
2.74868	8
2.75051	8
2.75233	8
2.75415	8
2.75598	8
2.75781	8
2.75964	8
2.76148	8
2.76331	8
2.76516	8
2.767	8
2.76885	7
2.77071	7
2.77256	7
2.77442	8
2.77627	8
2.77814	8
2.78	7
2.78187	7
2.78373	7
2.7856	7
2.78747	7
2.78934	7
2.7912	7
2.79306	7
2.79492	6
2.79678	6
2.79863	6
2.80048	6
2.80232	6
2.80417	6
2.80601	6
2.80784	6
2.80968	6
2.8115	6
2.81333	6
2.81514	6
2.81696	6
2.81878	6
2.8206	6
2.82241	6
2.82423	6
2.82603	6
2.82784	6
2.82965	6
2.83145	6
2.83325	7
2.83505	7
2.83684	7
2.83864	6
2.84043	6
2.84222	6
2.84401	6
2.8458	6
2.84759	6
2.84938	6
2.85117	6
2.85297	6
2.85477	6
2.85656	6
2.85836	6
2.86017	6
2.86197	6
2.86377	6
2.86558	6
2.86738	6
2.86919	6
2.87099	5
2.87279	5
2.8746	5
2.8764	5
2.87821	5
2.88002	5
2.88182	5
2.88364	5
2.88545	6
2.88727	6
2.88909	6
2.89092	6
2.89275	6
2.89457	6
2.8964	6
2.89823	6
2.90006	6
2.90189	6
2.90371	6
2.90552	6
2.90734	6
2.90915	6
2.91096	5
2.91276	5
2.91457	5
2.91637	5
2.91817	5
2.91997	5
2.92177	5
2.92358	5
2.92539	5
2.92721	5
2.92902	5
2.93084	5
2.93266	5
2.93448	5
2.9363	5
2.93812	5
2.93994	5
2.94175	5
2.94357	5
2.94537	6
2.94717	6
2.94897	6
2.95077	6
2.95256	6
2.95435	6
2.95614	6
2.95794	6
2.95973	5
2.96152	5
2.96332	5
2.96512	5
2.96694	5
2.96875	5
2.97058	5
2.97241	5
2.97426	5
2.97611	5
2.97797	5
2.97983	5
2.9817	5
2.98357	5
2.98545	5
2.98732	5
2.9892	5
2.99107	5
2.99294	5
2.9948	5
2.99666	5
2.99853	5
3.0004	6
3.00226	6
3.00414	6
3.00603	6
3.00792	6
3.00981	6
3.01171	6
3.01362	6
3.01553	6
3.01744	6
3.01935	6
3.02126	6
3.02317	7
3.02508	7
3.02699	7
3.02889	7
3.03079	7
3.03268	7
3.03457	7
3.03647	7
3.03836	7
3.04025	7
3.04215	7
3.04405	7
3.04595	7
3.04786	7
3.04978	7
3.05171	7
3.05365	8
3.05559	8
3.05754	8
3.05949	8
3.06145	8
3.06341	8
3.06537	8
3.06731	9
3.06925	9
3.07117	9
3.07307	9
3.07496	9
3.07684	9
3.0787	9
3.08056	9
3.0824	9
3.08423	9
3.08606	9
3.08789	9
3.08971	9
3.09155	9
3.09338	9
3.09521	9
3.09705	9
3.09889	8
3.10074	8
3.10258	8
3.10443	8
3.10628	8
3.10812	8
3.10997	8
3.11182	8
3.11366	8
3.11551	8
3.11736	8
3.1192	8
3.12105	8
3.1229	8
3.12474	8
3.12659	8
3.12844	8
3.13029	8
3.13213	9
3.13398	8
3.13582	8
3.13766	8
3.13951	8
3.14135	8
3.14319	8
3.14503	8
3.14687	8
3.1487	8
3.15053	8
3.15237	8
3.1542	8
3.15603	8
3.15785	8
3.15968	8
3.1615	8
3.16332	8
3.16514	8
3.16697	7
3.16879	7
3.17061	7
3.17244	7
3.17426	7
3.17608	7
3.17791	7
3.17973	7
3.18155	7
3.18337	7
3.1852	8
3.18702	8
3.18883	8
3.19065	8
3.19247	8
3.19428	8
3.19609	8
3.1979	8
3.19971	7
3.20151	7
3.20332	7
3.20512	7
3.20693	7
3.20872	7
3.21051	7
3.2123	7
3.2141	7
3.21589	7
3.21767	7
3.21946	7
3.22124	7
3.22302	7
3.2248	7
3.22658	7
3.22836	7
3.23014	7
3.23192	7
3.2337	6
3.23548	6
3.23727	6
3.23904	7
3.24083	7
3.24261	7
3.24439	7
3.24617	7
3.24794	7
3.24971	7
3.25146	6
3.25321	6
3.25495	6
3.25669	6
3.25842	6
3.26014	6
3.26185	6
3.26356	6
3.26526	6
3.26696	6
3.26866	5
3.27035	5
3.27204	5
3.27373	5
3.27542	5
3.27711	5
3.2788	5
3.28049	5
3.28219	5
3.28389	5
3.28559	5
3.2873	5
3.28901	5
3.29073	4
3.29246	4
3.29419	4
3.29594	4
3.29769	5
3.29944	5
3.3012	5
3.30297	4
3.30474	4
3.30652	4
3.3083	4
3.31007	4
3.31186	4
3.31365	4
3.31544	4
3.31723	4
3.31902	4
3.32082	4
3.32261	4
3.32439	4
3.32618	4
3.32797	4
3.32976	4
3.33154	4
3.33332	4
3.33511	4
3.33689	4
3.33867	4
3.34045	4
3.34223	5
3.34402	5
3.3458	5
3.34758	5
3.34936	5
3.35114	5
3.35291	5
3.35468	5
3.35645	6
3.35822	6
3.35998	6
3.36173	6
3.36348	6
3.36523	6
3.36697	6
3.36872	6
3.37047	6
3.37222	6
3.37397	6
3.37573	6
3.3775	6
3.37927	6
3.38105	6
3.38283	6
3.38461	6
3.38641	6
3.3882	6
3.38999	6
3.39179	6
3.39359	6
3.39539	6
3.39719	6
3.39899	6
3.4008	6
3.40261	7
3.40442	7
3.40625	7
3.40808	7
3.40992	7
3.41177	7
3.41363	8
3.41551	8
3.41739	8
3.41928	8
3.42118	8
3.42309	8
3.42501	9
3.42694	9
3.42888	9
3.43081	9
3.43275	9
3.43469	9
3.43664	9
3.4386	9
3.44056	9
3.44252	10
3.44448	10
3.44645	10
3.44844	10
3.45043	10
3.45243	10
3.45444	11
3.45647	11
3.4585	11
3.46054	11
3.4626	11
3.46466	11
3.46673	11
3.46881	11
3.47088	11
3.47296	11
3.47503	12
3.4771	12
3.47917	12
3.48124	12
3.48331	12
3.48538	12
3.48745	12
3.48952	12
3.49161	12
3.49371	12
3.49582	12
3.49795	12
3.50007	12
3.50222	12
3.50436	12
3.50652	12
3.50868	12
3.51085	12
3.51302	12
3.51518	13
3.51734	13
3.5195	13
3.52166	13
3.5238	13
3.52594	13
3.52807	13
3.53017	13
3.53226	13
3.53434	13
3.5364	13
3.53844	13
3.54048	13
3.54249	13
3.54449	13
3.54647	13
3.54843	12
3.55037	12
3.55229	12
3.55419	12
3.55607	12
3.55794	11
3.55978	11
3.56162	11
3.56343	11
3.56524	11
3.56705	10
3.56885	10
3.57064	10
3.57244	10
3.57423	10
3.57602	10
3.5778	10
3.57958	10
3.58135	10
3.58312	10
3.58489	9
3.58665	9
3.58841	9
3.59017	8
3.5919	8
3.59363	8
3.59534	8
3.59704	8
3.59873	7
3.60039	7
3.60204	7
3.60367	7
3.60528	7
3.60686	6
3.60844	6
3.60999	6
3.61154	6
3.61308	6
3.61462	5
3.61615	5
3.61766	5
3.61918	4
3.6207	4
3.62222	4
3.62375	4
3.62528	4
3.62681	3
3.62834	3
3.62987	3
3.6314	3
3.63293	3
3.63446	3
3.63598	3
3.63751	3
3.63903	3
3.64055	3
3.64207	3
3.64358	3
3.64509	3
3.64669	3
3.64822	2
3.64974	2
3.65126	2
3.65279	2
3.65431	2
3.65584	2
3.65736	2
3.65889	2
3.66041	2
3.66193	1
3.66345	1
3.66497	1
3.6665	1
3.66802	1
3.66955	1
3.67107	1
3.6726	1
3.67413	1
3.67566	1
3.67718	1
3.67871	1
3.68015	1
3.6815	1
3.68286	1
3.68422	1
3.68558	1
3.68694	1
3.6883	1
3.68966	1
3.69102	1
3.69238	2
3.69374	2
3.6951	2
3.69646	2
3.69781	2
3.69916	2
3.70051	2
3.70186	2
3.7032	3
3.70454	3
3.70587	3
3.7072	3
3.70852	3
3.70983	3
3.71113	3
3.71243	3
3.71371	3
3.715	3
3.71627	3
3.71754	3
3.7188	3
3.72005	3
3.7213	3
3.72254	3
3.72378	2
3.72501	2
3.72623	2
3.72744	2
3.72865	2
3.72986	2
3.73106	2
3.73228	2
3.73363	2
3.73498	2
3.73634	1
3.73769	1
3.73904	1
3.74039	1
3.74174	1
3.7431	1
3.74445	1
3.7458	1
3.74716	1
3.74851	1
3.74986	1
3.751	1
3.75212	1
3.75325	1
3.75437	1
3.75549	1
3.7566	1
3.75771	1
3.75882	1
3.75992	1
3.76102	1
3.76211	1
3.7632	1
3.76429	1
3.76538	1
3.76646	1
3.76754	1
3.76861	1
3.76969	1
3.77077	1
3.77184	1
3.77291	1
3.77399	1
3.77506	2
3.77613	2
3.7772	2
3.77826	2
3.77933	2
3.7804	2
3.78146	2
3.78253	2
3.78359	2
3.78466	2
3.78573	2
3.78679	2
3.78786	2
3.78892	2
3.78998	2
3.79105	2
3.79211	2
3.79317	2
3.79422	2
3.79528	2
3.79634	2
3.79739	2
3.79845	2
3.7995	2
3.80055	2
3.8016	2
3.80264	2
3.80369	2
3.80473	2
3.80578	2
3.80682	1
3.80786	1
3.8089	1
3.80994	1
3.81098	1
3.81202	1
3.81306	1
3.8141	1
3.81515	1
3.81619	1
3.81723	1
3.81827	1
3.81931	1
3.82035	1
3.82139	1
3.82244	1
3.82348	1
3.82452	1
3.82556	1
3.8266	1
3.82764	1
3.82868	1
3.82972	1
3.83076	1
3.8318	1
3.83283	1
3.83387	1
3.8349	2
3.83593	2
3.83696	2
3.83799	2
3.83901	2
3.84004	2
3.84106	2
3.84208	3
3.8431	3
3.84412	3
3.84514	3
3.84615	3
3.84717	3
3.84819	3
3.8492	3
3.85022	2
3.85123	2
3.85225	2
3.85327	2
3.85429	2
3.8553	2
3.85632	2
3.85734	2
3.85836	2
3.85938	2
3.86039	2
3.86141	2
3.86244	2
3.86346	2
3.86448	2
3.8655	2
3.86653	2
3.86755	2
3.86858	2
3.8696	2
3.87062	2
3.87165	2
3.87267	2
3.87369	2
3.87472	2
3.87574	2
3.87677	2
3.87779	2
3.87881	2
3.87984	1
3.88086	1
3.88188	1
3.88291	1
3.88393	1
3.88495	1
3.88598	1
3.88701	2
3.88803	2
3.88906	2
3.89009	2
3.89113	2
3.89216	2
3.89319	3
3.89423	3
3.89527	3
3.89631	3
3.89735	3
3.89839	3
3.89943	3
3.90047	3
3.90152	3
3.90257	3
3.90361	3
3.90466	2
3.90571	2
3.90676	2
3.90781	2
3.90886	2
3.90991	2
3.91096	2
3.91201	2
3.91306	2
3.91411	2
3.91517	2
3.91622	2
3.91727	2
3.91832	2
3.91938	2
3.92043	2
3.92148	2
3.92254	2
3.92359	2
3.92465	2
3.92571	2
3.92676	2
3.92782	2
3.92887	2
3.92993	2
3.93098	2
3.93204	3
3.93309	3
3.93414	3
3.9352	3
3.93625	3
3.9373	3
3.93835	3
3.9394	3
3.94045	3
3.94149	3
3.94254	4
3.94358	4
3.94462	4
3.94566	4
3.9467	4
3.94773	4
3.94876	4
3.94979	4
3.95082	3
3.95184	3
3.95287	3
3.95389	3
3.95491	3
3.95593	3
3.95695	3
3.95797	3
3.95899	3
3.96	3
3.96102	3
3.96203	3
3.96305	3
3.96406	3
3.96508	3
3.9661	3
3.96711	3
3.96813	3
3.96914	3
3.97015	3
3.97117	3
3.97218	3
3.97318	3
3.97419	3
3.9752	3
3.9762	3
3.9772	3
3.97821	3
3.97921	3
3.9802	3
3.9812	3
3.98219	3
3.98318	3
3.98417	3
3.98515	3
3.98613	3
3.98711	3
3.98808	3
3.98906	3
3.99003	4
3.991	4
3.99197	4
3.99294	4
3.9939	3
3.99486	3
3.99583	3
3.99679	3
3.99774	3
3.9987	3
3.99965	3
4.0006	2
4.00155	2
4.0025	2
4.00345	2
4.0044	2
4.00535	2
4.00629	2
4.00723	2
4.00818	2
4.00912	2
4.01006	2
4.011	2
4.01193	1
4.01287	1
4.0138	1
4.01473	1
4.01567	1
4.0166	1
4.01752	1
4.01845	1
4.01938	1
4.0203	1
4.02122	1
4.02214	1
4.02306	1
4.02397	1
4.02489	1
4.0258	1
4.02672	1
4.0277	1
4.02868	1
4.02967	1
4.03065	1
4.03163	1
4.03262	1
4.0336	1
4.03458	1
4.03548	1
4.03637	1
4.03726	1
4.03815	1
4.03904	1
4.03993	1
4.04081	1
4.0417	1
4.04258	1
4.04346	1
4.04435	1
4.04523	1
4.0461	1
4.04698	1
4.04786	1
4.04873	1
4.0496	1
4.05047	1
4.05134	2
4.05221	2
4.05308	2
4.05394	2
4.0548	2
4.05566	2
4.05652	2
4.05737	2
4.05822	2
4.05908	2
4.05992	2
4.06077	1
4.06162	1
4.06246	1
4.0633	1
4.06414	1
4.06497	1
4.06581	1
4.06664	1
4.06747	1
4.0683	1
4.06912	1
4.06995	1
4.07077	1
4.0716	1
4.07247	1
4.07335	1
4.07422	1
4.0751	1
4.07597	1
4.07685	1
4.07772	1
4.07859	1
4.07947	1
4.08034	1
4.08122	1
4.08209	1
4.08297	0
4.08384	0
4.08472	0
4.08559	0
4.08647	0
4.08734	0
4.08822	0
4.08909	0
4.08997	0
4.09084	0
4.09172	0
4.09259	0
4.09347	0
4.09434	0
4.09518	0
4.09597	0
4.09676	0
4.09755	0
4.09835	0
4.09914	1
4.09993	1
4.10072	1
4.10151	1
4.10229	1
4.10308	1
4.10387	1
4.10466	1
4.10544	1
4.10623	1
4.10701	1
4.1078	1
4.10858	1
4.10937	1
4.11015	2
4.11093	2
4.11172	2
4.1125	2
4.11328	2
4.11407	2
4.11485	2
4.11563	2
4.11641	2
4.11719	2
4.11797	2
4.11875	1
4.11953	1
4.12031	1
4.12108	1
4.12186	1
4.12264	1
4.12342	1
4.12419	1
4.12497	1
4.12575	1
4.12653	1
4.12731	1
4.12809	1
4.12887	1
4.12965	1
4.13044	1
4.13122	1
4.13201	1
4.13279	1
4.13358	1
4.13437	1
4.13516	1
4.13595	1
4.13674	1
4.13753	1
4.13832	1
4.13912	1
4.13992	1
4.14072	1
4.14152	1
4.14232	1
4.14312	1
4.14393	1
4.14474	1
4.14555	1
4.14636	1
4.14717	1
4.14799	1
4.14881	1
4.14962	1
4.15044	1
4.15126	1
4.15208	1
4.15291	1
4.15373	1
4.15455	1
4.15538	1
4.15621	1
4.15703	1
4.15786	1
4.15869	1
4.15952	2
4.16035	2
4.16119	2
4.16202	2
4.16285	2
4.16368	2
4.16451	2
4.16534	3
4.16617	3
4.167	3
4.16783	3
4.16866	3
4.16948	3
4.17031	3
4.17114	3
4.17196	2
4.17278	2
4.17361	2
4.17443	2
4.17525	2
4.17608	2
4.1769	2
4.17772	2
4.17854	2
4.17936	2
4.18018	3
4.181	3
4.18182	3
4.18264	3
4.18346	3
4.18428	3
4.1851	3
4.18592	3
4.18674	3
4.18756	3
4.18838	3
4.1892	3
4.19003	3
4.19085	3
4.19168	3
4.19251	3
4.19334	3
4.19417	3
4.19501	3
4.19584	3
4.19667	3
4.19751	3
4.19835	3
4.19919	3
4.20003	3
4.20088	3
4.20173	3
4.20258	3
4.20343	4
4.20429	4
4.20515	4
4.20601	4
4.20687	4
4.20774	4
4.20861	4
4.20948	4
4.21036	4
4.21123	4
4.21211	4
4.21299	4
4.21387	4
4.21475	5
4.21563	5
4.21652	5
4.2174	5
4.21829	5
4.21918	5
4.22006	6
4.22095	6
4.22184	6
4.22272	6
4.2236	6
4.22449	6
4.22537	6
4.22625	6
4.22714	6
4.22802	6
4.2289	6
4.22978	6
4.23067	6
4.23155	6
4.23243	6
4.23331	6
4.23419	6
4.23507	6
4.23596	6
4.23684	6
4.23772	6
4.2386	6
4.23949	6
4.24037	7
4.24126	7
4.24214	7
4.24303	7
4.24392	7
4.2448	7
4.24569	7
4.24658	7
4.24747	7
4.24837	7
4.24926	7
4.25016	7
4.25105	7
4.25195	7
4.25286	7
4.25376	7
4.25467	7
4.25558	8
4.25649	8
4.25741	8
4.25832	8
4.25924	8
4.26017	8
4.2611	8
4.26203	8
4.26297	8
4.26391	8
4.26485	8
4.2658	8
4.26676	8
4.26772	9
4.26868	9
4.26965	9
4.27062	9
4.2716	9
4.27257	9
4.27355	10
4.27454	10
4.27552	10
4.27651	10
4.2775	10
4.2785	10
4.27949	10
4.28049	10
4.28149	10
4.2825	10
4.2835	10
4.28451	10
4.28551	10
4.28652	10
4.28753	10
4.28854	10
4.28955	10
4.29056	10
4.29157	10
4.29259	10
4.2936	10
4.29462	10
4.29563	10
4.29665	10
4.29768	10
4.2987	10
4.29973	10
4.30076	10
4.30179	10
4.30282	10
4.30386	10
4.3049	10
4.30594	10
4.30699	10
4.30804	11
4.3091	11
4.31016	11
4.31123	11
4.3123	11
4.31337	11
4.31445	11
4.31554	11
4.31663	11
4.31772	11
4.31882	11
4.31992	11
4.32102	11
4.32214	11
4.32325	11
4.32438	11
4.32551	11
4.32665	12
4.32779	12
4.32894	12
4.3301	12
4.33126	12
4.33243	12
4.33361	12
4.33478	12
4.33597	12
4.33716	12
4.33835	12
4.33956	12
4.34077	12
4.34198	12
4.3432	12
4.34442	12
4.34565	13
4.34688	13
4.34812	13
4.34936	13
4.35061	13
4.35186	13
4.35312	13
4.35439	13
4.35566	13
4.35694	13
4.35822	13
4.3595	14
4.36078	14
4.36206	14
4.36334	14
4.36462	14
4.36589	14
4.36715	14
4.36841	14
4.36965	14
4.37088	14
4.37211	14
4.37332	14
4.37452	14
4.37571	14
4.37689	14
4.37806	14
4.37922	15
4.38038	15
4.38153	15
4.38267	15
4.38381	15
4.38494	14
4.38606	14
4.38718	14
4.38829	14
4.3894	14
4.39051	14
4.39161	14
4.39272	13
4.39382	13
4.39491	13
4.39601	13
4.3971	13
4.39819	13
4.39928	13
4.40037	12
4.40146	12
4.40255	12
4.40364	11
4.40473	11
4.40582	11
4.40691	11
4.408	11
4.4091	10
4.4102	10
4.4113	10
4.4124	10
4.4135	10
4.4146	10
4.41571	10
4.41681	10
4.41792	10
4.41903	10
4.42015	10
4.42126	10
4.42238	10
4.4235	10
4.42461	10
4.42573	10
4.42685	10
4.42797	10
4.42909	10
4.43021	10
4.43134	10
4.43246	10
4.43358	10
4.43471	10
4.43584	10
4.43696	10
4.43809	10
4.43922	10
4.44035	10
4.44149	10
4.44262	10
4.44376	10
4.4449	10
4.44605	10
4.44719	10
4.44834	10
4.44949	10
4.45065	10
4.4518	10
4.45296	10
4.45412	10
4.45528	10
4.45644	10
4.4576	10
4.45876	10
4.45992	10
4.46108	10
4.46224	10
4.4634	10
4.46456	10
4.46572	10
4.46687	10
4.46802	10
4.46916	10
4.47031	10
4.47144	10
4.47258	10
4.47371	10
4.47484	10
4.47596	10
4.47709	10
4.47821	10
4.47932	10
4.48043	10
4.48154	10
4.48264	10
4.48374	10
4.48483	9
4.48592	9
4.48701	9
4.48809	9
4.48917	8
4.49025	8
4.49132	8
4.4924	8
4.49347	8
4.49454	7
4.4956	7
4.49667	7
4.49773	7
4.49879	7
4.49985	7
4.50091	7
4.50197	6
4.50304	6
4.5041	6
4.50516	6
4.50623	6
4.50729	6
4.50835	6
4.50942	6
4.51048	6
4.51155	6
4.51262	6
4.51368	6
4.51475	6
4.51582	6
4.51688	6
4.51795	6
4.51901	6
4.52007	6
4.52113	6
4.5222	6
4.52326	6
4.52432	6
4.52538	6
4.52644	6
4.5275	6
4.52856	6
4.52963	6
4.53069	6
4.53175	6
4.53282	6
4.53388	6
4.53495	6
4.53602	6
4.53708	6
4.53815	6
4.53923	6
4.5403	5
4.54137	5
4.54245	5
4.54353	5
4.54461	5
4.54569	5
4.54678	5
4.54786	5
4.54895	5
4.55003	5
4.55112	5
4.55221	5
4.55329	5
4.55438	5
4.55547	5
4.55655	5
4.55764	5
4.55873	5
4.55982	5
4.5609	5
4.56199	5
4.56307	5
4.56416	5
4.56524	5
4.56632	5
4.5674	5
4.56848	5
4.56956	5
4.57064	5
4.57172	5
4.57281	5
4.57389	5
4.57497	5
4.57606	5
4.57714	5
4.57822	5
4.57931	5
4.5804	5
4.58148	6
4.58257	6
4.58367	6
4.58476	6
4.58586	6
4.58696	6
4.58806	6
4.58916	6
4.59027	6
4.59138	6
4.59248	6
4.5936	6
4.59471	6
4.59582	6
4.59694	6
4.59806	6
4.59918	6
4.60031	6
4.60143	6
4.60256	6
4.60369	6
4.60482	6
4.60595	6
4.60708	6
4.60822	7
4.60935	7
4.61048	7
4.61162	7
4.61275	7
4.61388	7
4.61502	7
4.61615	7
4.61729	7
4.61842	7
4.61956	7
4.62069	7
4.62182	7
4.62296	7
4.62409	7
4.62522	8
4.62636	8
4.62749	8
4.62863	8
4.62977	8
4.6309	8
4.63204	8
4.63318	8
4.63432	8
4.63546	8
4.6366	8
4.63774	8
4.63888	8
4.64002	9
4.64116	9
4.6423	9
4.64344	9
4.64459	9
4.64574	9
4.64688	9
4.64803	9
4.64919	9
4.65034	9
4.6515	9
4.65266	8
4.65382	8
4.65498	8
4.65615	8
4.65731	8
4.65849	8
4.65966	8
4.66084	8
4.66202	8
4.66321	9
4.66439	9
4.66558	9
4.66678	9
4.66797	9
4.66917	9
4.67037	9
4.67157	9
4.67278	9
4.67399	9
4.67519	9
4.67641	9
4.67762	9
4.67883	9
4.68005	9
4.68127	10
4.6825	10
4.68372	10
4.68495	10
4.68618	10
4.68741	10
4.68864	10
4.68986	10
4.69109	10
4.69231	10
4.69354	10
4.69476	10
4.69598	10
4.69721	10
4.69843	10
4.69965	10
4.70087	10
4.70208	10
4.70329	10
4.7045	10
4.7057	10
4.7069	10
4.7081	10
4.7093	10
4.7105	10
4.71169	10
4.71288	10
4.71407	10
4.71526	10
4.71645	10
4.71764	10
4.71882	10
4.72001	10
4.72119	10
4.72238	10
4.72357	10
4.72476	10
4.72595	10
4.72715	10
4.72834	10
4.72954	10
4.73074	10
4.73195	10
4.73315	10
4.73436	10
4.73557	10
4.73678	10
4.73799	10
4.73921	10
4.74042	10
4.74164	10
4.74285	10
4.74407	10
4.74529	10
4.7465	10
4.74772	11
4.74894	10
4.75016	10
4.75138	10
4.7526	10
4.75383	10
4.75505	10
4.75628	10
4.75752	10
4.75875	9
4.75999	9
4.76122	9
4.76247	9
4.76371	9
4.76496	9
4.76621	9
4.76747	9
4.76873	9
4.77	9
4.77127	9
4.77254	9
4.77381	9
4.77509	9
4.77637	9
4.77766	9
4.77895	9
4.78024	9
4.78154	9
4.78284	9
4.78415	9
4.78545	9
4.78675	9
4.78806	9
4.78936	9
4.79067	9
4.79197	9
4.79327	9
4.79457	9
4.79587	10
4.79717	10
4.79846	9
4.79976	9
4.80105	9
4.80234	9
4.80363	9
4.80491	9
4.8062	9
4.80748	9
4.80876	9
4.81004	9
4.81131	9
4.81259	9
4.81387	9
4.81514	9
4.81642	9
4.81769	9
4.81897	9
4.82025	9
4.82152	9
4.82279	9
4.82407	9
4.82534	9
4.82662	9
4.82789	9
4.82917	9
4.83045	9
4.83173	9
4.833	9
4.83428	9
4.83556	9
4.83683	9
4.8381	9
4.83937	9
4.84064	9
4.8419	9
4.84316	9
4.84441	9
4.84567	9
4.84692	9
4.84817	9
4.84941	9
4.85064	9
4.85187	9
4.8531	8
4.85431	8
4.85552	8
4.85673	8
4.85793	8
4.85912	8
4.86031	8
4.86149	8
4.86266	8
4.86382	8
4.86497	7
4.86611	7
4.86725	7
4.86838	7
4.86951	7
4.87063	7
4.87175	7
4.87286	7
4.87397	7
4.87507	7
4.87617	7
4.87726	7
4.87835	7
4.87944	7
4.88052	7
4.8816	6
4.88268	6
4.88375	6
4.88483	6
4.8859	6
4.88698	6
4.88805	6
4.88912	6
4.89018	6
4.89125	6
4.89231	6
4.89337	6
4.89442	6
4.89548	6
4.89653	6
4.89758	5
4.89862	5
4.89967	5
4.90071	5
4.90175	5
4.90278	4
4.90381	4
4.90484	4
4.90586	4
4.90688	4
4.9079	3
4.90892	3
4.90993	3
4.91094	3
4.91195	3
4.91295	2
4.91395	2
4.91495	2
4.91595	2
4.91695	2
4.91794	1
4.91893	1
4.92002	1
4.92116	1
4.92231	1
4.92346	1
4.9246	1
4.92575	1
4.9269	1
4.92804	1
4.92919	1
4.93034	1
4.93148	1
4.93263	1
4.93378	1
4.93492	1
4.93589	1
4.93687	1
4.93784	1
4.93881	1
4.93978	1
4.94075	1
4.94172	1
4.94269	1
4.94366	1
4.94463	1
4.94559	1
4.94656	1
4.94752	1
4.94848	1
4.94944	1
4.9504	1
4.95136	1
4.95232	1
4.95327	1
4.95422	1
4.95518	2
4.95613	2
4.95708	2
4.95803	2
4.95899	2
4.95994	2
4.96089	2
4.96185	2
4.96281	2
4.96377	2
4.96474	1
4.96572	1
4.96669	1
4.96768	1
4.96867	1
4.96966	1
4.97066	1
4.97167	1
4.97269	1
4.97371	1
4.97474	1
4.97577	1
4.97682	1
4.97787	1
4.97892	1
4.97999	1
4.98105	1
4.98212	2
4.9832	2
4.98427	2
4.98535	2
4.98643	2
4.98752	2
4.9886	2
4.98969	2
4.99078	2
4.99187	2
4.99297	2
4.99406	2
4.99516	3
4.99626	3
4.99736	3
4.99846	3
4.99956	3
5.00067	3
5.00177	4
5.00288	4
5.00399	4
5.0051	4
5.00621	4
5.00732	4
5.00843	4
5.00953	5
5.01064	5
5.01174	5
5.01284	5
5.01394	5
5.01504	6
5.01613	6
5.01722	6
5.01831	7
5.0194	7
5.02048	7
5.02156	7
5.02264	7
5.02371	7
5.02478	7
5.02585	7
5.02692	7
5.02798	7
5.02905	7
5.03011	8
5.03117	8
5.03223	8
5.03329	8
5.03435	8
5.03541	8
5.03647	8
5.03753	8
5.03859	8
5.03965	8
5.04071	8
5.04177	8
5.04283	8
5.04389	8
5.04495	8
5.04601	8
5.04708	9
5.04814	9
5.0492	9
5.05026	9
5.05133	9
5.05239	9
5.05345	9
5.05451	9
5.05557	9
5.05663	9
5.05769	9
5.05875	9
5.05981	9
5.06088	9
5.06194	9
5.063	9
5.06407	9
5.06513	10
5.0662	10
5.06726	10
5.06833	10
5.0694	10
5.07047	10
5.07154	10
5.07262	10
5.07369	10
5.07477	9
5.07585	9
5.07692	9
5.078	9
5.07909	9
5.08017	9
5.08126	9
5.08235	9
5.08344	9
5.08454	9
5.08563	9
5.08673	9
5.08783	9
5.08893	9
5.09002	10
5.09112	10
5.09222	10
5.09333	10
5.09443	10
5.09553	10
5.09663	10
5.09773	10
5.09883	10
5.09993	10
5.10103	9
5.10212	9
5.10321	9
5.1043	9
5.10538	9
5.10647	9
5.10755	9
5.10863	9
5.10971	9
5.11078	9
5.11185	9
5.11292	8
5.11399	8
5.11505	8
5.11612	8
5.11718	9
5.11824	9
5.11929	9
5.12035	9
5.1214	9
5.12245	9
5.1235	8
5.12455	8
5.1256	8
5.12664	8
5.12768	8
5.12873	7
5.12976	7
5.1308	7
5.13184	7
5.13287	7
5.1339	7
5.13493	7
5.13596	6
5.13699	6
5.13801	6
5.13903	6
5.14005	6
5.14106	6
5.14207	6
5.14308	6
5.14409	6
5.14509	6
5.14609	6
5.14709	6
5.14808	6
5.14908	6
5.15007	6
5.15106	6
5.15205	6
5.15304	6
5.15403	6
5.15501	6
5.156	6
5.15698	6
5.15796	5
5.15895	5
5.15993	5
5.16091	5
5.1619	5
5.16288	5
5.16387	5
5.16485	5
5.16584	5
5.16683	5
5.16782	5
5.16881	5
5.16981	5
5.1708	5
5.17179	5
5.17279	5
5.17378	5
5.17478	4
5.17577	4
5.17677	4
5.17777	4
5.17876	4
5.17976	4
5.18076	4
5.18176	4
5.18276	4
5.18376	4
5.18476	4
5.18575	4
5.18675	4
5.18775	4
5.18874	4
5.18974	4
5.19073	4
5.19173	4
5.19272	4
5.19372	4
5.19471	4
5.19571	4
5.1967	4
5.19769	4
5.19869	4
5.19968	4
5.20067	4
5.20166	4
5.20265	4
5.20364	4
5.20463	4
5.20562	4
5.2066	4
5.20759	4
5.20858	4
5.20957	4
5.21056	4
5.21155	4
5.21254	4
5.21353	4
5.21452	4
5.21551	4
5.2165	4
5.21749	4
5.21848	4
5.21947	4
5.22046	4
5.22145	4
5.22244	4
5.22343	4
5.22443	4
5.22542	5
5.22641	5
5.22741	5
5.2284	5
5.22939	5
5.23038	5
5.23137	4
5.23236	4
5.23335	4
5.23433	4
5.23532	4
5.2363	4
5.23728	4
5.23827	4
5.23925	4
5.24023	4
5.2412	4
5.24218	4
5.24315	4
5.24412	4
5.24509	4
5.24605	4
5.24701	4
5.24798	4
5.24894	4
5.2499	4
5.25086	4
5.25182	4
5.25278	4
5.25373	4
5.25469	4
5.25565	4
5.25661	4
5.25756	4
5.25852	4
5.25948	4
5.26043	4
5.26139	4
5.26235	4
5.26332	4
5.26428	4
5.26525	4
5.26622	4
5.26719	4
5.26816	4
5.26913	4
5.27011	4
5.27108	4
5.27206	4
5.27303	4
5.27401	4
5.27499	4
5.27597	4
5.27694	4
5.27792	4
5.27891	4
5.27989	4
5.28087	4
5.28184	4
5.28282	4
5.2838	3
5.28477	3
5.28575	3
5.28672	3
5.2877	3
5.28867	3
5.28965	3
5.29062	3
5.2916	3
5.29258	3
5.29357	3
5.29455	3
5.29553	3
5.29652	3
5.29751	3
5.29849	3
5.29948	3
5.30047	3
5.30147	3
5.30247	3
5.30347	3
5.30448	3
5.30549	3
5.3065	3
5.30752	3
5.30854	3
5.30956	3
5.31058	3
5.31161	3
5.31263	3
5.31366	3
5.31469	3
5.31572	3
5.31675	3
5.31778	3
5.31881	3
5.31985	3
5.32089	3
5.32192	3
5.32296	3
5.32399	3
5.32502	4
5.32605	4
5.32708	4
5.3281	4
5.32912	4
5.33014	5
5.33115	5
5.33217	5
5.33318	5
5.33418	5
5.33519	5
5.33619	5
5.33718	5
5.33818	5
5.33917	5
5.34016	5
5.34114	5
5.34212	5
5.3431	5
5.34407	5
5.34504	5
5.346	5
5.34696	5
5.34792	5
5.34888	5
5.34983	5
5.35078	5
5.35173	5
5.35267	5
5.35361	5
5.35455	5
5.35549	5
5.35643	5
5.35736	5
5.35829	5
5.35922	5
5.36015	5
5.36108	5
5.362	5
5.36292	4
5.36385	4
5.36477	4
5.36569	4
5.36661	4
5.36753	4
5.36845	4
5.36937	4
5.37028	4
5.37119	4
5.3721	4
5.37301	4
5.37392	4
5.37483	4
5.37573	4
5.37664	4
5.37754	4
5.37844	4
5.37934	4
5.38024	4
5.38113	4
5.38203	4
5.38292	4
5.38381	4
5.3847	4
5.38559	4
5.38648	4
5.38737	4
5.38826	3
5.38915	3
5.39003	3
5.39092	3
5.39181	3
5.39269	3
5.39357	3
5.39446	3
5.39534	3
5.39622	3
5.39711	3
5.39799	3
5.39887	2
5.39975	2
5.40062	2
5.4015	2
5.40238	2
5.40326	2
5.40413	2
5.40501	2
5.40588	2
5.40676	2
5.40764	2
5.40851	2
5.40939	2
5.41026	2
5.41114	2
5.41201	2
5.41289	2
5.41376	2
5.41463	2
5.41551	2
5.41638	2
5.41726	2
5.41813	2
5.41901	2
5.41989	2
5.42076	2
5.42164	2
5.42252	2
5.4234	2
5.42428	2
5.42516	2
5.42604	2
5.42692	2
5.4278	2
5.42868	2
5.42956	2
5.43044	2
5.43132	2
5.4322	2
5.43308	2
5.43396	2
5.43484	2
5.43572	2
5.4366	2
5.43749	2
5.43837	2
5.43926	2
5.44014	2
5.44103	2
5.44192	2
5.44281	2
5.44369	2
5.44458	2
5.44547	2
5.44636	2
5.44725	2
5.44815	2
5.44904	2
5.44994	2
5.45084	2
5.45174	2
5.45265	2
5.45355	2
5.45446	2
5.45537	2
5.45629	2
5.4572	2
5.45812	2
5.45904	2
5.45996	2
5.46088	2
5.46181	2
5.46274	2
5.46368	2
5.46462	2
5.46556	2
5.46651	2
5.46746	2
5.46842	2
5.46937	2
5.47033	2
5.47129	2
5.47226	2
5.47323	2
5.4742	2
5.47517	3
5.47614	3
5.47712	3
5.4781	3
5.47909	3
5.48007	3
5.48106	4
5.48205	4
5.48304	4
5.48402	4
5.48501	4
5.486	5
5.48699	5
5.48798	5
5.48897	5
5.48996	5
5.49095	5
5.49194	5
5.49294	5
5.49393	5
5.49492	5
5.49591	5
5.49691	5
5.4979	5
5.49889	5
5.49989	5
5.50088	5
5.50188	5
5.50288	5
5.50388	5
5.50488	5
5.50588	5
5.50689	6
5.50789	6
5.5089	6
5.50991	6
5.51091	6
5.51192	6
5.51293	6
5.51394	6
5.51495	6
5.51596	7
5.51697	7
5.51799	7
5.519	7
5.52001	7
5.52103	7
5.52204	8
5.52305	8
5.52406	8
5.52507	8
5.52608	8
5.52708	8
5.52808	9
5.52908	9
5.53008	9
5.53108	9
5.53208	9
5.53308	9
5.53408	10
5.53507	10
5.53606	10
5.53706	10
5.53805	10
5.53903	10
5.54002	10
5.541	10
5.54199	10
5.54297	10
5.54395	10
5.54493	9
5.5459	9
5.54688	9
5.54786	9
5.54883	9
5.54981	9
5.55078	9
5.55175	9
5.55272	9
5.55369	9
5.55466	9
5.55563	9
5.5566	9
5.55757	9
5.55854	9
5.5595	9
5.56047	9
5.56143	9
5.5624	9
5.56336	9
5.56432	9
5.56528	9
5.56623	9
5.56719	9
5.56814	9
5.5691	9
5.57005	9
5.571	9
5.57195	8
5.57291	8
5.57386	8
5.57481	8
5.57575	8
5.5767	8
5.57764	8
5.57859	8
5.57953	8
5.58047	8
5.58141	8
5.58236	8
5.5833	8
5.58424	8
5.58518	8
5.58612	8
5.58707	8
5.58801	8
5.58895	8
5.58989	8
5.59083	8
5.59176	8
5.5927	8
5.59363	8
5.59456	8
5.59549	8
5.59642	8
5.59735	7
5.59828	7
5.59921	7
5.60014	7
5.60106	7
5.60198	7
5.6029	7
5.60382	7
5.60473	6
5.60564	6
5.60655	6
5.60746	6
5.60837	6
5.60928	6
5.61018	6
5.61108	6
5.61198	6
5.61288	6
5.61378	6
5.61468	6
5.61558	6
5.61647	6
5.61736	6
5.61825	6
5.61915	6
5.62004	6
5.62093	6
5.62182	5
5.62271	5
5.6236	5
5.62449	5
5.62538	5
5.62628	5
5.62717	5
5.62806	5
5.62896	5
5.62985	5
5.63074	5
5.63164	5
5.63253	5
5.63342	5
5.63432	5
5.63521	5
5.63611	5
5.637	5
5.63789	5
5.63879	5
5.63968	5
5.64057	5
5.64146	5
5.64236	5
5.64324	5
5.64413	5
5.64502	5
5.64591	5
5.6468	5
5.64768	5
5.64857	4
5.64945	4
5.65034	4
5.65122	4
5.65211	4
5.65299	4
5.65387	4
5.65476	4
5.65564	4
5.65652	4
5.6574	4
5.65828	4
5.65916	4
5.66004	4
5.66091	4
5.66179	4
5.66267	4
5.66355	4
5.66442	4
5.6653	4
5.66617	4
5.66705	4
5.66792	3
5.6688	3
5.66968	3
5.67055	3
5.67143	3
5.67231	3
5.67319	3
5.67407	3
5.67495	3
5.67583	3
5.67672	3
5.6776	3
5.67848	3
5.67937	3
5.68025	3
5.68114	3
5.68203	3
5.68292	3
5.68381	3
5.6847	3
5.68559	3
5.68648	3
5.68738	3
5.68827	4
5.68917	4
5.69007	4
5.69097	4
5.69187	4
5.69277	4
5.69367	4
5.69457	4
5.69548	4
5.69638	4
5.69729	4
5.69819	4
5.6991	4
5.70001	4
5.70092	4
5.70183	4
5.70274	4
5.70366	4
5.70458	4
5.70549	4
5.70641	4
5.70733	4
5.70826	4
5.70918	4
5.71011	4
5.71103	4
5.71196	4
5.71289	4
5.71382	4
5.71475	4
5.71569	4
5.71662	4
5.71756	4
5.71851	4
5.71945	4
5.7204	4
5.72135	4
5.7223	4
5.72325	4
5.7242	4
5.72516	4
5.72612	5
5.72708	5
5.72805	5
5.72901	5
5.72999	5
5.73096	5
5.73193	5
5.73291	5
5.73389	5
5.73488	5
5.73586	5
5.73686	5
5.73785	5
5.73884	5
5.73984	5
5.74085	5
5.74185	6
5.74287	6
5.74388	6
5.74491	6
5.74593	7
5.74696	7
5.748	7
5.74904	7
5.75008	7
5.75113	7
5.75218	7
5.75324	7
5.7543	8
5.75536	8
5.75643	8
5.7575	8
5.75857	8
5.75965	8
5.76073	8
5.76181	8
5.76289	8
5.76397	8
5.76505	9
5.76614	9
5.76722	9
5.76831	9
5.76939	9
5.77048	10
5.77157	10
5.77266	10
5.77375	10
5.77485	10
5.77594	10
5.77704	10
5.77814	10
5.77924	11
5.78034	11
5.78145	11
5.78255	11
5.78366	11
5.78477	11
5.78588	11
5.787	11
5.78811	11
5.78923	11
5.79035	11
5.79148	11
5.7926	11
5.79373	11
5.79485	11
5.79598	11
5.79711	11
5.79824	12
5.79938	12
5.80051	12
5.80165	12
5.80278	12
5.80392	12
5.80506	12
5.80621	12
5.80735	12
5.8085	12
5.80965	12
5.8108	12
5.81195	12
5.8131	12
5.81426	12
5.81542	12
5.81658	12
5.81774	12
5.81891	12
5.82008	12
5.82125	12
5.82243	12
5.82361	12
5.82479	12
5.82598	12
5.82717	12
5.82836	12
5.82956	12
5.83076	12
5.83197	12
5.83318	12
5.8344	12
5.83562	12
5.83685	12
5.83808	12
5.83932	12
5.84057	12
5.84182	12
5.84308	13
5.84434	13
5.84562	13
5.8469	13
5.84818	13
5.84948	13
5.85077	13
5.85207	13
5.85337	13
5.85468	13
5.85599	13
5.85731	13
5.85863	13
5.85995	13
5.86127	13
5.86259	13
5.86391	13
5.86523	13
5.86656	13
5.86788	13
5.8692	13
5.87053	13
5.87185	13
5.87318	13
5.87451	13
5.87584	13
5.87717	13
5.87851	13
5.87984	13
5.88118	13
5.88252	13
5.88387	13
5.88522	13
5.88657	13
5.88792	13
5.88928	13
5.89064	13
5.892	14
5.89337	14
5.89473	14
5.8961	14
5.89747	14
5.89883	14
5.9002	14
5.90158	14
5.90295	14
5.90432	14
5.90569	14
5.90707	14
5.90844	14
5.90982	14
5.9112	14
5.91258	14
5.91396	14
5.91534	14
5.91673	14
5.91812	14
5.91951	14
5.9209	14
5.92229	14
5.92369	14
5.92509	14
5.92649	14
5.9279	14
5.92932	14
5.93075	14
5.93219	13
5.93363	13
5.93509	13
5.93655	12
5.93802	12
5.9395	12
5.941	12
5.9425	12
5.94403	12
5.94557	12
5.94712	12
5.94869	12
5.95027	12
5.95187	12
5.95347	12
5.95508	12
5.95671	12
5.95835	12
5.96	12
5.96165	12
5.96332	13
5.96499	13
5.96666	13
5.96835	13
5.97004	13
5.97174	13
5.97345	13
5.97518	13
5.97692	13
5.97866	13
5.98042	13
5.98219	13
5.98397	13
5.98577	14
5.98757	14
5.98938	14
5.9912	14
5.99304	14
5.99488	14
5.99674	14
5.99861	14
6.0005	14
6.0024	15
6.00432	15
6.00624	15
6.00819	15
6.01014	15
6.0121	15
6.01407	16
6.01605	16
6.01803	16
6.02002	17
6.02201	17
6.024	17
6.02599	17
6.028	17
6.03001	17
6.03202	17
6.03404	17
6.03607	17
6.03809	17
6.04013	17
6.04217	17
6.04421	17
6.04626	17
6.0483	17
6.05035	18
6.0524	18
6.05445	18
6.05651	18
6.05857	18
6.06064	18
6.06271	18
6.06479	18
6.06688	18
6.06897	18
6.07107	18
6.07318	18
6.07528	18
6.0774	18
6.07951	19
6.08163	19
6.08376	19
6.08589	18
6.08803	18
6.09018	18
6.09236	18
6.09455	18
6.09676	17
6.09898	17
6.10122	17
6.10348	17
6.10577	17
6.10806	17
6.11039	17
6.11273	17
6.1151	17
6.11749	17
6.11989	17
6.12232	17
6.12477	18
6.12726	18
6.12979	18
6.13236	19
6.13497	19
6.13762	19
6.14029	19
6.14296	19
6.14561	19
6.14822	20
6.15075	20
6.1532	20
6.15558	20
6.15788	20
6.16012	20
6.1623	20
6.16443	20
6.1665	20
6.16852	20
6.17049	20
6.17242	19
6.17431	19
6.17617	19
6.178	18
6.17981	17
6.18159	16
6.18335	15
6.18508	14
6.18679	13
6.18848	12
6.19015	12
6.19181	11
6.19344	10
6.19507	9
6.19667	9
6.19825	8
6.19981	7
6.20136	7
6.2029	6
6.20443	5
6.2064	5
6.20839	5
6.21029	4
6.21218	4
6.21408	4
6.21598	3
6.21788	3
6.21978	3
6.22129	2
6.22281	2
6.22433	2
6.22585	2
6.22737	2
6.22889	2
6.23041	2
6.23192	2
6.23345	2
6.23497	1
6.23649	1
6.23801	2
6.23953	2
6.24105	2
6.24257	2
6.24409	2
6.24561	2
6.24713	2
6.24865	2
6.25018	2
6.25169	2
6.25321	2
6.25472	2
6.25623	2
6.25774	3
6.25925	3
6.26075	3
6.26226	3
6.26376	3
6.26526	3
6.26675	3
6.26824	3
6.26973	3
6.27121	3
6.27269	3
6.27417	3
6.27564	3
6.27711	3
6.27856	3
6.28001	3
6.28146	3
6.28291	3
6.28435	3
6.28579	3
6.28722	3
6.28864	2
6.29006	2
6.29147	2
6.29287	2
6.29427	2
6.29566	2
6.29704	2
6.29842	2
6.29979	2
6.30131	2
6.30282	2
6.30433	2
6.30585	1
6.30717	1
6.30847	1
6.30978	1
6.31107	1
6.31236	1
6.31365	1
6.31492	1
6.31619	1
6.31746	1
6.31872	1
6.31998	1
6.32124	1
6.32249	1
6.32374	1
6.325	1
6.32625	2
6.3275	2
6.32874	2
6.32998	2
6.33122	2
6.33246	2
6.33369	2
6.33491	2
6.33613	2
6.33735	2
6.33857	3
6.33977	3
6.34098	2
6.34217	2
6.34337	2
6.34455	2
6.34573	2
6.3469	2
6.34807	2
6.34923	2
6.35039	2
6.35154	2
6.35269	2
6.35384	2
6.35499	2
6.35613	2
6.35727	2
6.35841	1
6.35964	1
6.36089	1
6.36214	1
6.36338	1
6.36463	1
6.36588	1
6.36713	1
6.36837	1
6.36962	1
6.37087	1
6.37211	1
6.37336	1
6.37461	1
6.37586	1
6.3771	1
6.37835	1
6.3796	1
6.38076	1
6.38185	1
6.38293	1
6.38401	1
6.38508	1
6.38615	1
6.38722	1
6.38829	1
6.38935	1
6.39042	1
6.39148	1
6.39254	1
6.3936	1
6.39466	1
6.39572	1
6.39678	1
6.39783	1
6.39889	1
6.39994	1
6.40099	1
6.40205	2
6.4031	2
6.40416	2
6.40521	2
6.40627	2
6.40732	3
6.40838	3
6.40943	3
6.41048	3
6.41154	3
6.41259	3
6.41365	3
6.4147	3
6.41576	3
6.41681	2
6.41787	2
6.41892	2
6.41997	2
6.42103	2
6.42208	2
6.42314	2
6.42419	2
6.42525	2
6.4263	2
6.42736	2
6.42841	2
6.42946	2
6.43052	2
6.43157	2
6.43263	2
6.43368	2
6.43474	2
6.43579	2
6.43685	2
6.4379	2
6.43895	2
6.44001	2
6.44106	2
6.44212	2
6.44317	2
6.44423	2
6.44528	2
6.44634	2
6.44739	2
6.44844	2
6.4495	2
6.45055	2
6.45161	2
6.45266	2
6.45372	2
6.45477	2
6.45582	2
6.45688	2
6.45793	2
6.45899	3
6.46004	3
6.4611	3
6.46215	3
6.4632	3
6.46426	3
6.46531	3
6.46637	3
6.46742	3
6.46848	3
6.46953	3
6.47058	3
6.47164	3
6.47269	3
6.47375	2
6.4748	2
6.47585	2
6.47691	2
6.47796	2
6.47902	2
6.48007	2
6.48113	2
6.48218	2
6.48324	2
6.48429	2
6.48534	2
6.4864	2
6.48745	2
6.48851	2
6.48956	2
6.49062	2
6.49167	2
6.49272	2
6.49378	2
6.49483	2
6.49589	2
6.49694	2
6.498	2
6.49905	2
6.50011	2
6.50116	2
6.50221	2
6.50327	2
6.50432	2
6.50538	2
6.50643	2
6.50749	2
6.50854	3
6.5096	3
6.51065	3
6.5117	3
6.51276	3
6.51381	3
6.51487	3
6.51592	2
6.51698	2
6.51803	2
6.51908	2
6.52014	2
6.52119	2
6.52225	2
6.5233	2
6.52436	2
6.52541	2
6.52647	2
6.52752	2
6.52857	2
6.52963	2
6.53068	2
6.53174	2
6.53279	2
6.53385	2
6.5349	2
6.53596	2
6.53701	2
6.53806	2
6.53912	2
6.54017	2
6.54123	2
6.54228	2
6.54334	2
6.54439	2
6.54545	2
6.5465	2
6.54756	2
6.54861	2
6.54966	2
6.55072	2
6.55177	2
6.55283	2
6.55388	2
6.55493	2
6.55599	2
6.55704	2
6.55809	2
6.55914	3
6.5602	3
6.56125	3
6.5623	3
6.56336	3
6.56441	3
6.56546	3
6.56651	3
6.56756	3
6.56861	3
6.56967	3
6.57072	2
6.57177	2
6.57282	2
6.57387	2
6.57492	2
6.57597	2
6.57702	2
6.57808	2
6.57913	2
6.58018	2
6.58123	2
6.58228	2
6.58333	2
6.58438	2
6.58543	2
6.58648	2
6.58753	2
6.58858	2
6.58963	2
6.59068	2
6.59173	2
6.59278	2
6.59383	2
6.59488	2
6.59593	2
6.59698	2
6.59803	2
6.59908	2
6.60013	2
6.60118	2
6.60223	2
6.60328	2
6.60433	2
6.60538	2
6.60643	2
6.60748	2
6.60852	2
6.60957	2
6.61061	3
6.61165	3
6.61269	3
6.61373	3
6.61477	3
6.61581	3
6.61684	2
6.61787	2
6.6189	2
6.61993	2
6.62096	2
6.62198	2
6.623	2
6.62402	2
6.62504	2
6.62605	2
6.62706	2
6.62807	2
6.62908	2
6.63009	2
6.63109	2
6.6321	2
6.6331	2
6.63411	2
6.63511	2
6.63611	2
6.6371	2
6.6381	2
6.63909	2
6.64008	2
6.64107	2
6.64206	2
6.64304	2
6.64403	2
6.64501	2
6.64599	1
6.64697	1
6.64796	1
6.64901	1
6.65005	1
6.6511	1
6.65215	1
6.65315	1
6.6541	1
6.65505	1
6.65599	1
6.65693	1
6.65787	1
6.65881	1
6.65974	1
6.66067	1
6.66159	1
6.66251	1
6.66342	1
6.66433	1
6.66523	1
6.66613	1
6.66702	1
6.66791	1
6.6688	1
6.66968	1
6.67056	2
6.67144	2
6.67231	2
6.67318	2
6.67405	2
6.67512	1
6.67605	1
6.67697	1
6.67788	1
6.67878	1
6.67969	1
6.68059	1
6.6815	1
6.6824	1
6.68331	1
6.68421	1
6.68512	1
6.68602	1
6.68693	1
6.68783	1
6.68874	1
6.68964	1
6.69055	1
6.69145	1
6.69236	1
6.69326	1
6.69417	1
6.69507	1
6.69598	0
6.69688	0
6.69779	0
6.69869	0
6.6996	0
6.7005	0
6.70141	0
6.70232	0
6.70322	0
6.70412	0
6.70503	0
6.70593	0
6.70684	0
6.70774	0
6.70865	0
6.70955	0
6.71046	0
6.71136	0
6.71227	0
6.71313	0
6.71394	0
6.71475	0
6.71555	0
6.71636	0
6.71717	1
6.71797	1
6.71877	1
6.71958	1
6.72037	1
6.72117	1
6.72197	1
6.72276	1
6.72355	1
6.72435	1
6.72513	1
6.72592	1
6.72671	1
6.72749	1
6.72827	1
6.72905	1
6.72983	1
6.73061	2
6.73139	2
6.73216	2
6.73294	2
6.73371	2
6.73448	2
6.73525	2
6.73602	2
6.73679	2
6.73755	2
6.73832	2
6.73909	2
6.73986	2
6.74063	2
6.7414	1
6.74217	1
6.74294	1
6.74371	1
6.74449	1
6.74527	1
6.74604	1
6.74683	1
6.74761	1
6.7484	1
6.74919	1
6.74998	1
6.75077	1
6.75157	1
6.75237	1
6.75317	1
6.75398	1
6.75479	1
6.7556	1
6.75642	1
6.75724	1
6.75806	1
6.75889	1
6.75972	1
6.76055	1
6.76139	1
6.76222	1
6.76306	1
6.76391	1
6.76476	1
6.76561	1
6.76647	1
6.76733	1
6.76819	1
6.76906	2
6.76993	2
6.7708	2
6.77169	2
6.77257	2
6.77346	2
6.77435	2
6.77525	2
6.77615	2
6.77706	2
6.77797	2
6.77888	2
6.7798	2
6.78072	3
6.78165	3
6.78259	3
6.78353	3
6.78447	3
6.78542	4
6.78637	4
6.78733	4
6.7883	4
6.78927	5
6.79024	5
6.79122	5
6.79221	5
6.7932	5
6.7942	5
6.7952	5
6.79622	5
6.79723	6
6.79826	6
6.79928	6
6.80032	6
6.80136	6
6.80241	6
6.80345	7
6.80451	7
6.80556	7
6.80662	7
6.80769	7
6.80876	7
6.80983	8
6.8109	8
6.81198	8
6.81305	8
6.81414	9
6.81522	9
6.81631	9
6.81739	10
6.81848	10
6.81957	10
6.82067	11
6.82176	11
6.82285	11
6.82395	11
6.82504	11
6.82614	12
6.82724	12
6.82834	12
6.82943	12
6.83053	12
6.83162	12
6.83271	12
6.83381	12
6.8349	12
6.83599	12
6.83707	12
6.83816	13
6.83925	13
6.84034	13
6.84143	13
6.84251	13
6.8436	13
6.84468	13
6.84576	13
6.84684	13
6.84792	13
6.849	13
6.85008	13
6.85116	13
6.85225	13
6.85333	13
6.85442	13
6.8555	13
6.85659	13
6.85768	13
6.85877	13
6.85986	13
6.86095	13
6.86204	13
6.86314	13
6.86423	13
6.86533	13
6.86644	13
6.86754	12
6.86865	12
6.86975	12
6.87086	12
6.87197	12
6.87308	12
6.87419	12
6.87531	12
6.87642	12
6.87754	12
6.87865	12
6.87978	12
6.8809	12
6.88202	12
6.88315	12
6.88428	12
6.88541	12
6.88655	12
6.88768	12
6.88883	12
6.88997	12
6.89112	12
6.89228	12
6.89344	12
6.8946	12
6.89577	12
6.89694	13
6.89811	13
6.89929	13
6.90048	13
6.90167	13
6.90287	13
6.90407	13
6.90529	13
6.9065	13
6.90773	13
6.90896	13
6.91019	13
6.91143	13
6.91268	13
6.91393	13
6.91518	13
6.91644	13
6.9177	13
6.91896	13
6.92022	13
6.92148	14
6.92275	14
6.92401	14
6.92527	14
6.92652	14
6.92778	14
6.92904	14
6.9303	14
6.93157	14
6.93283	14
6.9341	14
6.93537	14
6.93665	14
6.93792	14
6.93921	14
6.94049	14
6.94178	14
6.94307	15
6.94438	15
6.94568	15
6.947	15
6.94832	15
6.94964	15
6.95096	15
6.95229	15
6.95361	15
6.95495	15
6.95628	15
6.95761	15
6.95895	15
6.96029	15
6.96164	15
6.96298	15
6.96432	15
6.96567	14
6.96701	14
6.96835	14
6.96969	13
6.97104	13
6.97238	13
6.97373	13
6.97507	12
6.97642	12
6.97777	12
6.97912	12
6.98047	12
6.98182	12
6.98318	12
6.98454	12
6.9859	11
6.98726	11
6.98861	11
6.98997	11
6.99132	11
6.99268	11
6.99402	11
6.99537	11
6.99672	11
6.99807	11
6.99941	12
7.00074	12
7.00208	12
7.0034	12
7.00472	12
7.00604	12
7.00734	11
7.00864	11
7.00993	11
7.0112	11
7.01247	11
7.01372	11
7.01497	11
7.01621	11
7.01743	11
7.01865	11
7.01986	10
7.02106	10
7.02225	10
7.02343	10
7.0246	10
7.02576	10
7.0269	10
7.02804	10
7.02918	10
7.0303	10
7.03142	10
7.03254	9
7.03365	9
7.03475	9
7.03585	9
7.03694	9
7.03802	9
7.0391	9
7.04017	9
7.04124	9
7.0423	9
7.04336	8
7.04442	8
7.04547	8
7.04653	8
7.04758	8
7.04862	8
7.04966	8
7.05071	8
7.05174	8
7.05278	8
7.05381	8
7.05483	7
7.05586	7
7.05688	7
7.0579	7
7.05892	6
7.05993	6
7.06094	6
7.06194	6
7.06294	6
7.06394	5
7.06493	5
7.06592	5
7.0669	5
7.06789	5
7.06886	5
7.06984	4
7.07081	4
7.07178	4
7.07274	4
7.07371	4
7.07467	4
7.07562	4
7.07658	4
7.07753	4
7.07848	4
7.07942	4
7.08037	4
7.08131	3
7.08225	3
7.08319	3
7.08413	3
7.08506	3
7.086	3
7.08693	3
7.08786	3
7.08879	2
7.08972	2
7.09064	2
7.09157	2
7.09249	2
7.09341	2
7.09433	2
7.09525	2
7.09616	2
7.09708	2
7.09799	2
7.0989	2
7.09981	2
7.10072	2
7.10162	2
7.10252	2
7.10342	2
7.10432	2
7.10522	2
7.10611	2
7.107	2
7.10789	2
7.10878	2
7.10966	2
7.11055	2
7.11143	2
7.11231	2
7.11319	2
7.11407	2
7.11495	2
7.11582	2
7.1167	2
7.11757	2
7.11844	2
7.11931	2
7.12018	2
7.12105	2
7.12192	1
7.12279	1
7.12366	1
7.12453	1
7.12539	1
7.12626	1
7.12713	1
7.128	1
7.12887	1
7.12973	1
7.1306	1
7.13146	1
7.13233	1
7.13319	1
7.13406	1
7.13492	1
7.13579	1
7.13669	1
7.13759	1
7.13849	1
7.1394	1
7.1403	1
7.1412	1
7.1421	1
7.143	1
7.1439	0
7.14481	0
7.14571	0
7.14661	0
7.14751	0
7.14841	0
7.14929	0
7.15014	0
7.15099	0
7.15184	0
7.15269	0
7.15354	0
7.15438	1
7.15523	1
7.15608	1
7.15692	1
7.15777	1
7.15861	1
7.15946	1
7.1603	1
7.16115	1
7.16199	1
7.16284	2
7.16368	2
7.16452	2
7.16537	2
7.16621	2
7.16705	2
7.1679	2
7.16874	2
7.16958	2
7.17042	2
7.17127	2
7.17211	2
7.17295	2
7.17379	1
7.17463	1
7.17547	1
7.17631	1
7.17715	1
7.17798	1
7.17882	1
7.17965	1
7.18049	1
7.18132	1
7.18216	1
7.18299	1
7.18382	1
7.18465	1
7.18548	1
7.18631	1
7.18714	1
7.18797	1
7.18879	1
7.18962	1
7.19044	1
7.19127	1
7.19209	1
7.19291	1
7.19373	1
7.19455	1
7.19537	1
7.19619	1
7.19701	1
7.19783	1
7.19865	1
7.19946	1
7.20028	1
7.20109	1
7.2019	1
7.20272	1
7.20354	1
7.20439	1
7.20523	1
7.20608	1
7.20692	0
7.20777	0
7.20861	0
7.20946	0
7.21027	0
7.21107	0
7.21188	0
7.21269	0
7.21349	0
7.2143	1
7.21511	1
7.21591	1
7.21672	1
7.21752	1
7.21833	1
7.21914	1
7.21995	1
7.22076	1
7.22157	1
7.22238	2
7.22319	2
7.224	2
7.22482	2
7.22563	2
7.22645	2
7.22727	2
7.22809	2
7.2289	1
7.22972	1
7.23054	1
7.23136	1
7.23218	1
7.233	1
7.23382	1
7.23464	1
7.23546	1
7.23628	1
7.23711	1
7.23793	1
7.23876	1
7.23958	1
7.24041	1
7.24124	1
7.24206	1
7.24289	1
7.24372	1
7.24455	1
7.24538	1
7.24621	1
7.24704	1
7.24787	1
7.2487	1
7.24954	1
7.25038	1
7.25122	1
7.25206	1
7.2529	1
7.25375	1
7.2546	1
7.25545	1
7.2563	1
7.25715	2
7.25801	2
7.25886	2
7.25972	2
7.26059	2
7.26145	2
7.26232	2
7.26319	2
7.26407	2
7.26495	2
7.26584	2
7.26673	2
7.26762	2
7.26852	2
7.26941	2
7.27031	2
7.27122	3
7.27212	3
7.27303	3
7.27394	3
7.27485	3
7.27577	3
7.27669	3
7.2776	4
7.27853	4
7.27945	4
7.28037	4
7.2813	4
7.28222	4
7.28315	4
7.28407	4
7.285	4
7.28592	4
7.28685	4
7.28777	4
7.2887	4
7.28962	4
7.29054	5
7.29147	5
7.29239	5
7.29331	5
7.29422	5
7.29514	5
7.29606	5
7.29698	5
7.2979	5
7.29882	5
7.29973	6
7.30065	6
7.30156	6
7.30247	6
7.30339	6
7.3043	6
7.30521	6
7.30612	6
7.30703	7
7.30794	7
7.30885	7
7.30976	7
7.31067	7
7.31158	7
7.31249	7
7.31341	7
7.31432	7
7.31524	7
7.31615	8
7.31706	8
7.31798	8
7.31889	8
7.31981	8
7.32072	8
7.32164	8
7.32257	8
7.32349	8
7.32442	8
7.32535	9
7.32628	9
7.32721	9
7.32815	9
7.32908	9
7.33002	9
7.33096	9
7.3319	9
7.33284	9
7.33378	9
7.33472	9
7.33566	9
7.33661	9
7.33755	9
7.3385	9
7.33944	9
7.34039	9
7.34133	9
7.34227	9
7.34321	9
7.34415	9
7.34509	9
7.34603	9
7.34697	9
7.3479	9
7.34884	9
7.34977	9
7.3507	9
7.35164	9
7.35257	9
7.3535	9
7.35444	9
7.35537	9
7.3563	9
7.35723	9
7.35817	9
7.3591	9
7.36003	9
7.36097	9
7.3619	9
7.36284	9
7.36378	9
7.36472	9
7.36567	9
7.36661	9
7.36756	9
7.3685	9
7.36945	9
7.3704	9
7.37135	9
7.37229	9
7.37324	9
7.37419	9
7.37514	9
7.37609	9
7.37704	9
7.37798	9
7.37893	9
7.37988	9
7.38083	9
7.38178	9
7.38272	9
7.38366	9
7.3846	9
7.38554	10
7.38648	10
7.38741	10
7.38835	10
7.38928	9
7.39022	9
7.39115	9
7.39208	9
7.39302	9
7.39395	9
7.39488	9
7.39581	9
7.39674	9
7.39767	9
7.3986	9
7.39953	9
7.40046	9
7.40139	9
7.40232	9
7.40325	9
7.40419	9
7.40512	9
7.40606	9
7.407	9
7.40794	8
7.40888	8
7.40982	8
7.41076	8
7.4117	8
7.41264	8
7.41358	8
7.41452	8
7.41546	8
7.4164	8
7.41734	8
7.41828	8
7.41922	8
7.42016	8
7.4211	8
7.42204	8
7.42297	8
7.42391	8
7.42484	8
7.42578	8
7.42671	8
7.42764	8
7.42857	8
7.4295	8
7.43043	8
7.43136	8
7.43229	8
7.43322	8
7.43414	8
7.43507	8
7.436	9
7.43693	9
7.43786	9
7.43879	8
7.43973	8
7.44066	8
7.44159	8
7.44253	8
7.44347	8
7.44441	8
7.44535	7
7.44629	7
7.44723	7
7.44817	7
7.44912	7
7.45006	7
7.45101	7
7.45195	7
7.4529	7
7.45385	7
7.45479	7
7.45574	7
7.45669	7
7.45764	7
7.45859	7
7.45953	7
7.46048	7
7.46143	7
7.46238	7
7.46333	7
7.46428	7
7.46523	7
7.46618	7
7.46713	7
7.46808	7
7.46903	7
7.46997	7
7.47092	7
7.47187	7
7.47282	7
7.47378	7
7.47473	7
7.47568	7
7.47663	7
7.47758	7
7.47853	7
7.47948	7
7.48044	7
7.48139	8
7.48234	8
7.48329	8
7.48424	8
7.4852	8
7.48615	8
7.4871	8
7.48805	8
7.489	8
7.48995	8
7.4909	8
7.49185	8
7.4928	8
7.49374	8
7.49469	8
7.49564	8
7.49658	8
7.49753	8
7.49847	7
7.49942	7
7.50036	7
7.5013	7
7.50224	7
7.50318	7
7.50412	7
7.50506	7
7.506	7
7.50693	7
7.50787	7
7.5088	7
7.50974	7
7.51067	7
7.5116	7
7.51253	7
7.51346	7
7.51439	7
7.51532	7
7.51625	7
7.51718	7
7.51811	7
7.51904	7
7.51997	7
7.52091	7
7.52184	7
7.52277	7
7.5237	7
7.52463	7
7.52557	7
7.5265	7
7.52743	7
7.52837	7
7.5293	7
7.53024	7
7.53117	7
7.53211	7
7.53304	7
7.53398	7
7.53491	7
7.53584	7
7.53678	7
7.53771	7
7.53865	7
7.53958	7
7.54051	7
7.54145	7
7.54238	7
7.54331	7
7.54424	7
7.54517	7
7.5461	7
7.54704	7
7.54797	7
7.5489	7
7.54983	7
7.55076	7
7.55169	6
7.55262	6
7.55355	6
7.55448	6
7.55541	6
7.55633	6
7.55726	6
7.55819	6
7.55912	6
7.56005	6
7.56098	6
7.56191	6
7.56284	6
7.56377	6
7.56469	6
7.56562	6
7.56655	6
7.56748	6
7.56841	6
7.56934	6
7.57026	6
7.57119	6
7.57212	6
7.57305	6
7.57398	6
7.57491	6
7.57583	6
7.57676	6
7.57769	6
7.57862	6
7.57954	6
7.58047	6
7.58139	6
7.58231	6
7.58324	6
7.58416	6
7.58508	6
7.586	6
7.58692	6
7.58784	6
7.58876	6
7.58968	6
7.5906	6
7.59152	6
7.59244	6
7.59336	6
7.59428	7
7.59519	7
7.59611	7
7.59703	7
7.59795	7
7.59886	6
7.59978	6
7.6007	6
7.60162	6
7.60254	6
7.60346	6
7.60438	6
7.6053	6
7.60623	6
7.60716	6
7.60809	6
7.60902	6
7.60995	6
7.61089	6
7.61183	6
7.61278	6
7.61372	6
7.61467	6
7.61563	6
7.61659	6
7.61755	6
7.61852	6
7.61949	6
7.62046	6
7.62143	6
7.62242	6
7.6234	6
7.6244	6
7.6254	6
7.6264	6
7.62741	6
7.62842	6
7.62943	6
7.63045	6
7.63148	6
7.6325	6
7.63353	6
7.63457	6
7.63561	6
7.63665	7
7.63769	7
7.63874	7
7.63979	7
7.64085	7
7.6419	7
7.64296	7
7.64403	7
7.64509	8
7.64615	8
7.64722	8
7.64829	9
7.64936	9
7.65043	9
7.6515	9
7.65258	9
7.65366	9
7.65474	9
7.65583	9
7.65691	9
7.658	9
7.65909	9
7.66019	9
7.66128	10
7.66239	10
7.66349	10
7.6646	10
7.66572	10
7.66684	10
7.66796	10
7.66908	10
7.67021	10
7.67134	10
7.67248	10
7.67361	10
7.67475	10
7.67589	10
7.67704	11
7.67819	11
7.67934	11
7.68049	11
7.68164	11
7.6828	11
7.68395	11
7.68511	11
7.68627	11
7.68743	11
7.6886	11
7.68976	11
7.69093	11
7.69209	11
7.69326	11
7.69443	11
7.69561	11
7.69678	11
7.69796	11
7.69914	12
7.70032	12
7.70151	12
7.7027	12
7.70389	12
7.70509	12
7.70628	12
7.70749	12
7.70869	12
7.7099	12
7.71111	12
7.71232	12
7.71353	12
7.71475	12
7.71596	12
7.71718	12
7.71839	12
7.71961	12
7.72083	12
7.72204	12
7.72326	12
7.72447	12
7.72568	12
7.72689	12
7.7281	12
7.72931	12
7.73052	12
7.73172	12
7.73292	12
7.73412	12
7.73531	12
7.73651	12
7.7377	12
7.7389	12
7.7401	12
7.7413	12
7.7425	12
7.74369	12
7.7449	12
7.7461	12
7.7473	12
7.7485	12
7.7497	12
7.7509	12
7.7521	13
7.7533	13
7.7545	13
7.7557	13
7.7569	13
7.7581	13
7.75929	13
7.76048	13
7.76166	13
7.76285	12
7.76403	12
7.7652	12
7.76638	12
7.76755	12
7.76872	12
7.76989	12
7.77106	12
7.77223	12
7.7734	12
7.77456	12
7.77573	12
7.77689	12
7.77806	12
7.77923	12
7.7804	12
7.78157	11
7.78274	11
7.78391	11
7.78507	11
7.78624	11
7.78741	11
7.78859	11
7.78976	10
7.79093	10
7.7921	10
7.79327	10
7.79444	10
7.79561	10
7.79678	10
7.79795	10
7.79912	10
7.80029	10
7.80147	10
7.80265	10
7.80383	10
7.805	10
7.80619	10
7.80737	10
7.80856	11
7.80974	11
7.81093	10
7.81212	10
7.81331	10
7.8145	10
7.81569	10
7.81688	10
7.81807	10
7.81926	10
7.82044	10
7.82162	10
7.8228	10
7.82398	10
7.82516	10
7.82633	10
7.8275	10
7.82867	10
7.82983	9
7.831	9
7.83216	9
7.83332	9
7.83449	9
7.83565	9
7.83681	9
7.83797	8
7.83913	8
7.84028	8
7.84144	8
7.8426	8
7.84375	8
7.84491	8
7.84607	8
7.84722	8
7.84838	8
7.84953	8
7.85069	8
7.85184	8
7.85298	8
7.85413	8
7.85527	8
7.85641	8
7.85756	8
7.8587	8
7.85984	8
7.86098	8
7.86211	8
7.86325	8
7.86438	8
7.86551	8
7.86664	8
7.86777	8
7.8689	8
7.87002	7
7.87114	7
7.87226	7
7.87337	7
7.87449	7
7.8756	7
7.87671	7
7.87783	6
7.87894	6
7.88005	6
7.88115	6
7.88226	6
7.88336	6
7.88447	6
7.88556	6
7.88666	6
7.88775	6
7.88884	6
7.88992	6
7.89101	6
7.89209	6
7.89317	6
7.89424	6
7.89532	5
7.89639	5
7.89746	5
7.89853	5
7.8996	5
7.90067	5
7.90173	5
7.9028	5
7.90386	5
7.90492	4
7.90599	4
7.90705	4
7.90811	4
7.90917	4
7.91022	4
7.91128	4
7.91234	4
7.91339	4
7.91444	4
7.91549	4
7.91654	4
7.91759	4
7.91864	4
7.91968	4
7.92073	4
7.92177	4
7.9228	3
7.92384	3
7.92488	3
7.92591	3
7.92695	3
7.92798	3
7.92901	3
7.93005	3
7.93108	3
7.93212	3
7.93315	3
7.93419	3
7.93523	3
7.93626	3
7.9373	3
7.93834	3
7.93938	3
7.94042	3
7.94146	3
7.94251	2
7.94355	2
7.9446	2
7.94565	2
7.9467	2
7.94775	2
7.94881	2
7.94986	2
7.95092	2
7.95198	2
7.95304	2
7.9541	2
7.95516	2
7.95623	2
7.95729	2
7.95836	2
7.95942	2
7.96049	2
7.96155	2
7.96262	3
7.96368	3
7.96475	3
7.96581	3
7.96688	3
7.96794	3
7.96901	3
7.97008	3
7.97114	3
7.97221	3
7.97328	3
7.97435	3
7.97542	3
7.97649	3
7.97756	3
7.97864	3
7.97971	3
7.98079	3
7.98188	3
7.98296	2
7.98405	2
7.98513	2
7.98622	2
7.98732	2
7.98841	2
7.9895	2
7.99059	2
7.99169	2
7.99278	2
7.99388	2
7.99497	2
7.99607	3
7.99717	3
7.99828	3
7.99938	3
8.00048	3
8.00158	3
8.00267	3
8.00377	3
8.00487	3
8.00597	3
8.00707	3
8.00817	3
8.00927	3
8.01038	3
8.01148	3
8.01258	3
8.01369	3
8.01479	3
8.0159	4
8.017	4
8.01811	4
8.01922	4
8.02033	4
8.02144	4
8.02255	4
8.02367	4
8.02478	4
8.0259	4
8.02702	4
8.02815	4
8.02928	4
8.0304	4
8.03154	4
8.03267	4
8.03381	4
8.03494	4
8.03608	4
8.03723	5
8.03837	5
8.03952	5
8.04066	5
8.04181	5
8.04296	5
8.04411	5
8.04526	5
8.04641	5
8.04755	5
8.0487	5
8.04986	5
8.05101	5
8.05216	5
8.05331	6
8.05447	6
8.05562	6
8.05678	6
8.05794	6
8.0591	6
8.06026	6
8.06142	6
8.06258	6
8.06375	6
8.06492	6
8.06608	6
8.06725	7
8.06843	7
8.0696	7
8.07077	7
8.07195	7
8.07313	7
8.07431	8
8.07549	8
8.07667	8
8.07785	8
8.07904	8
8.08022	9
8.08141	9
8.0826	9
8.08379	9
8.08498	9
8.08617	9
8.08736	9
8.08855	9
8.08975	9
8.09094	9
8.09214	9
8.09334	9
8.09454	9
8.09575	9
8.09695	9
8.09816	9
8.09937	9
8.10058	9
8.10179	9
8.103	9
8.10422	9
8.10544	9
8.10667	9
8.1079	9
8.10912	9
8.11036	9
8.11159	9
8.11282	9
8.11406	9
8.1153	9
8.11654	9
8.11779	9
8.11904	9
8.12029	9
8.12154	9
8.12279	9
8.12404	10
8.1253	10
8.12655	10
8.12781	10
8.12906	10
8.13032	10
8.13158	10
8.13285	10
8.13411	10
8.13538	10
8.13664	10
8.13791	10
8.13919	10
8.14046	10
8.14174	10
8.14302	10
8.14431	10
8.1456	10
8.14689	10
8.14819	10
8.14949	10
8.15079	10
8.15209	10
8.1534	10
8.15471	10
8.15602	10
8.15733	10
8.15866	10
8.15998	10
8.16131	10
8.16264	10
8.16397	10
8.1653	10
8.16664	10
8.16798	10
8.16932	10
8.17067	10
8.17202	10
8.17338	10
8.17474	10
8.17611	10
8.17748	10
8.17885	10
8.18023	11
8.18162	11
8.18301	11
8.18442	11
8.18583	11
8.18724	11
8.18867	11
8.1901	11
8.19154	11
8.19299	11
8.19443	11
8.19589	11
8.19736	11
8.19883	11
8.20031	11
8.20179	11
8.20328	11
8.20477	11
8.20626	11
8.20775	11
8.20925	12
8.21076	12
8.21226	12
8.21378	12
8.21529	12
8.21681	12
8.21833	12
8.21985	12
8.22138	12
8.22291	12
8.22444	12
8.22598	12
8.22752	12
8.22907	12
8.23062	12
8.23217	13
8.23373	13
8.23529	13
8.23686	13
8.23844	13
8.24002	13
8.24161	13
8.2432	13
8.24479	13
8.24639	13
8.24799	13
8.2496	13
8.25121	13
8.25283	13
8.25445	13
8.25607	13
8.2577	13
8.25933	13
8.26097	13
8.26261	13
8.26425	14
8.2659	14
8.26756	14
8.26922	14
8.27088	13
8.27255	13
8.27422	13
8.27591	13
8.2776	13
8.2793	13
8.28101	14
8.28272	14
8.28443	14
8.28615	14
8.28788	14
8.28961	14
8.29135	14
8.29309	14
8.29484	14
8.29659	14
8.29834	14
8.3001	14
8.30187	14
8.30364	14
8.30541	14
8.3072	14
8.30898	14
8.31077	14
8.31256	14
8.31436	14
8.31616	15
8.31797	15
8.31977	15
8.32158	15
8.32338	15
8.32518	15
8.32698	15
8.32878	15
8.33059	15
8.3324	15
8.33423	15
8.33606	15
8.33789	15
8.33973	15
8.34156	15
8.34338	15
8.3452	16
8.34699	16
8.34877	16
8.35053	16
8.35227	15
8.354	15
8.3557	15
8.3574	15
8.35908	14
8.36075	14
8.36241	14
8.36406	14
8.3657	14
8.36733	14
8.36895	13
8.37055	13
8.37214	13
8.37372	13
8.37529	13
8.37684	12
8.37837	12
8.3799	12
8.3814	12
8.3829	12
8.38438	12
8.38584	11
8.38729	11
8.38872	11
8.39014	11
8.39155	11
8.39296	11
8.39435	11
8.39572	11
8.39709	11
8.39845	11
8.39979	10
8.40112	10
8.40244	10
8.40375	9
8.40505	9
8.40633	8
8.4076	8
8.40887	8
8.41012	7
8.41136	7
8.4126	7
8.41382	6
8.41504	6
8.41625	6
8.41745	5
8.41864	5
8.41982	5
8.421	4
8.42217	4
8.42334	4
8.4245	4
8.42566	3
8.42702	3
8.4285	3
8.42998	2
8.43136	2
8.43273	2
8.43411	2
8.43549	2
8.43661	2
8.43773	1
8.43884	1
8.43995	1
8.44106	1
8.44216	1
8.44326	1
8.44435	1
8.44544	1
8.44653	1
8.44761	1
8.44869	1
8.44977	1
8.45084	1
8.45191	1
8.45298	1
8.45405	1
8.45512	1
8.45618	1
8.45724	1
8.4583	1
8.45935	1
8.4604	1
8.46146	1
8.46251	2
8.46356	2
8.46461	2
8.46566	2
8.46671	2
8.46776	2
8.46881	2
8.46986	2
8.47091	2
8.47197	2
8.47302	2
8.47407	2
8.47512	2
8.47617	2
8.47722	2
8.47827	2
8.47932	2
8.48037	2
8.48143	2
8.48248	2
8.48353	2
8.48459	2
8.48565	2
8.48671	2
8.48777	2
8.48883	2
8.4899	2
8.49097	2
8.49204	2
8.49311	2
8.49419	2
8.49526	2
8.49634	2
8.49742	2
8.4985	2
8.49959	2
8.50067	2
8.50176	2
8.50285	2
8.50395	2
8.50505	2
8.50615	2
8.50726	2
8.50836	2
8.50948	2
8.51059	2
8.51171	2
8.51283	2
8.51395	2
8.51508	2
8.51621	2
8.51735	3
8.51849	3
8.51963	3
8.52078	3
8.52193	3
8.52308	3
8.52423	3
8.52538	3
8.52654	3
8.52769	3
8.52885	3
8.53	3
8.53116	3
8.53231	3
8.53347	3
8.53463	3
8.53579	3
8.53695	3
8.53811	4
8.53928	4
8.54044	4
8.54161	4
8.54278	4
8.54395	4
8.54512	4
8.5463	4
8.54748	5
8.54866	5
8.54985	5
8.55103	5
8.55222	5
8.55341	5
8.5546	5
8.5558	5
8.55699	5
8.5582	5
8.5594	5
8.56061	6
8.56182	6
8.56303	6
8.56424	6
8.56546	6
8.56667	6
8.56789	7
8.56911	7
8.57033	7
8.57156	7
8.57279	7
8.57402	7
8.57526	8
8.5765	8
8.57773	8
8.57897	8
8.58021	8
8.58145	9
8.58269	9
8.58394	9
8.58519	9
8.58644	9
8.5877	9
8.58896	9
8.59023	9
8.59149	9
8.59276	9
8.59404	9
8.59532	9
8.5966	9
8.59788	9
8.59917	10
8.60046	10
8.60176	10
8.60306	10
8.60436	10
8.60566	10
8.60697	10
8.60828	10
8.60959	10
8.6109	10
8.61222	10
8.61353	10
8.61486	10
8.61618	10
8.61751	10
8.61885	10
8.62018	10
8.62152	10
8.62286	10
8.62421	10
8.62556	10
8.62691	10
8.62826	11
8.62962	11
8.63098	11
8.63234	11
8.6337	11
8.63505	11
8.63641	11
8.63777	11
8.63913	11
8.64049	11
8.64184	11
8.64319	11
8.64453	11
8.64587	11
8.64721	11
8.64854	11
8.64986	11
8.65118	11
8.6525	11
8.65381	11
8.65511	11
8.65641	11
8.6577	11
8.659	11
8.66028	11
8.66157	11
8.66285	11
8.66413	11
8.6654	11
8.66667	11
8.66794	11
8.66921	11
8.67047	11
8.67174	10
8.673	10
8.67426	10
8.67551	10
8.67676	10
8.67801	10
8.67926	10
8.68051	10
8.68175	10
8.68299	10
8.68423	10
8.68546	10
8.6867	10
8.68793	10
8.68917	9
8.6904	9
8.69163	9
8.69286	9
8.69409	9
8.69532	9
8.69655	8
8.69777	8
8.699	8
8.70023	8
8.70145	8
8.70268	8
8.7039	8
8.70513	8
8.70635	8
8.70756	8
8.70878	8
8.70999	8
8.7112	8
8.7124	8
8.7136	8
8.7148	8
8.71599	8
8.71718	8
8.71836	8
8.71954	8
8.72072	8
8.72189	8
8.72306	8
8.72422	8
8.72538	8
8.72654	8
8.72769	8
8.72885	8
8.73	8
8.73115	8
8.7323	8
8.73344	8
8.73459	8
8.73573	8
8.73688	7
8.73802	7
8.73916	7
8.7403	7
8.74144	7
8.74259	6
8.74372	6
8.74486	6
8.746	6
8.74713	6
8.74826	6
8.74939	6
8.75051	6
8.75163	6
8.75276	5
8.75387	5
8.75499	5
8.75611	5
8.75722	5
8.75833	5
8.75943	5
8.76054	5
8.76164	5
8.76274	5
8.76384	5
8.76493	5
8.76602	5
8.76712	5
8.7682	5
8.76929	4
8.77037	4
8.77146	4
8.77254	4
8.77362	4
8.77469	4
8.77577	4
8.77684	4
8.77792	4
8.77899	4
8.78005	4
8.78112	4
8.78218	4
8.78323	4
8.78429	4
8.78534	4
8.78638	4
8.78743	3
8.78847	3
8.7895	3
8.79053	3
8.79156	3
8.79258	2
8.7936	2
8.79462	2
8.79563	2
8.79663	2
8.79764	2
8.79864	2
8.79964	2
8.80063	2
8.80162	1
8.80261	1
8.8036	1
8.80459	1
8.80557	1
8.80664	1
8.80772	1
8.8088	1
8.80987	1
8.81095	1
8.81203	1
8.8131	1
8.81418	1
8.81526	1
8.81633	1
8.81741	1
8.81849	1
8.81956	1
8.82064	1
8.82172	1
8.82279	1
8.82387	1
8.82487	1
8.82579	1
8.82671	1
8.82762	1
8.82853	1
8.82944	1
8.83035	1
8.83126	1
8.83216	1
8.83307	1
8.83397	1
8.83486	1
8.83576	1
8.83665	1
8.83755	1
8.83844	1
8.83932	1
8.84021	1
8.84109	1
8.84198	1
8.84286	1
8.84374	1
8.84461	1
8.84549	1
8.84636	1
8.84723	2
8.8481	2
8.84897	2
8.84984	2
8.8507	2
8.85157	2
8.85243	2
8.85329	2
8.85414	2
8.855	2
8.85585	2
8.8567	2
8.85755	2
8.8584	2
8.85925	2
8.86009	2
8.86093	1
8.86178	1
8.86261	1
8.86345	1
8.86429	1
8.86512	1
8.86595	1
8.86678	1
8.86761	1
8.86844	1
8.86926	1
8.87009	1
8.87091	1
8.87174	1
8.87262	1
8.87349	1
8.87436	1
8.87524	1
8.87611	1
8.87699	0
8.87786	0
8.87874	0
8.87961	0
8.88049	0
8.88136	0
8.88224	0
8.88311	0
8.88398	0
8.88486	0
8.88573	0
8.88661	0
8.88748	0
8.88836	0
8.88923	0
8.89011	0
8.89098	0
8.89186	0
8.89273	0
8.89356	0
8.89435	0
8.89513	0
8.89592	0
8.8967	0
8.89748	0
8.89827	1
8.89905	1
8.89983	1
8.90061	1
8.90138	1
8.90216	1
8.90294	1
8.90372	1
8.9045	1
8.90527	1
8.90605	1
8.90683	1
8.9076	1
8.90838	1
8.90916	2
8.90994	2
8.91071	2
8.91149	2
8.91227	2
8.91305	2
8.91383	2
8.91461	2
8.91539	2
8.91617	2
8.91695	2
8.91773	1
8.91851	1
8.91929	1
8.92007	1
8.92086	1
8.92164	1
8.92242	1
8.9232	1
8.92399	1
8.92477	1
8.92555	1
8.92633	1
8.92712	1
8.9279	1
8.92868	1
8.92946	1
8.93024	1
8.93102	1
8.9318	1
8.93257	1
8.93335	1
8.93413	1
8.9349	1
8.93568	1
8.93645	1
8.93723	1
8.938	1
8.93877	1
8.93954	1
8.94032	1
8.94109	1
8.94186	1
8.94264	1
8.94341	1
8.94418	1
8.94496	1
8.94573	1
8.94651	1
8.94728	1
8.94806	1
8.94884	1
8.94962	1
8.9504	1
8.95118	1
8.95197	1
8.95275	1
8.95354	1
8.95433	1
8.95512	1
8.95591	1
8.9567	1
8.95749	1
8.95828	1
8.95908	1
8.95987	1
8.96067	2
8.96147	2
8.96227	2
8.96306	2
8.96387	2
8.96467	2
8.96547	2
8.96627	2
8.96708	2
8.96789	2
8.96869	2
8.9695	2
8.97031	2
8.97112	2
8.97194	2
8.97275	2
8.97357	2
8.97438	2
8.9752	2
8.97602	2
8.97684	2
8.97767	2
8.97849	2
8.97932	2
8.98015	2
8.98098	2
8.98181	2
8.98265	2
8.98349	2
8.98433	2
8.98518	2
8.98602	2
8.98687	2
8.98772	2
8.98858	2
8.98943	3
8.99029	3
8.99115	3
8.99202	3
8.99289	3
8.99375	3
8.99463	3
8.9955	3
8.99637	3
8.99725	3
8.99813	3
8.99902	4
8.99991	4
9.00079	4
9.00169	4
9.00258	4
9.00348	4
9.00438	4
9.00529	4
9.0062	4
9.00711	5
9.00802	5
9.00894	5
9.00987	5
9.01079	5
9.01172	5
9.01266	5
9.0136	5
9.01455	5
9.0155	6
9.01645	6
9.01741	6
9.01837	6
9.01934	7
9.02032	7
9.0213	7
9.02228	8
9.02327	8
9.02427	8
9.02526	8
9.02626	8
9.02727	8
9.02827	8
9.02929	8
9.0303	9
9.03132	9
9.03234	9
9.03336	9
9.03439	9
9.03542	9
9.03646	10
9.03749	10
9.03853	10
9.03958	10
9.04063	10
9.04168	10
9.04274	11
9.0438	11
9.04487	11
9.04594	11
9.04701	11
9.0481	11
9.04918	11
9.05027	12
9.05136	12
9.05246	12
9.05355	12
9.05466	12
9.05576	12
9.05688	12
9.05799	12
9.05911	12
9.06023	12
9.06136	12
9.06248	12
9.06361	12
9.06474	12
9.06586	12
9.06699	12
9.06812	13
9.06926	13
9.07039	13
9.07153	13
9.07266	13
9.0738	13
9.07494	13
9.07608	14
9.07723	14
9.07837	14
9.07952	14
9.08066	14
9.08181	14
9.08296	14
9.08411	14
9.08526	14
9.08642	14
9.08758	14
9.08873	14
9.08989	14
9.09105	14
9.09221	14
9.09337	14
9.09453	14
9.09569	14
9.09685	14
9.09801	14
9.09917	14
9.10033	14
9.10149	14
9.10265	14
9.1038	14
9.10495	14
9.1061	14
9.10725	14
9.10839	14
9.10953	14
9.11067	14
9.11181	14
9.11295	14
9.11408	14
9.11522	14
9.11635	14
9.11749	14
9.11862	14
9.11975	14
9.12089	13
9.12202	13
9.12315	13
9.12428	13
9.12541	13
9.12654	13
9.12767	13
9.12879	13
9.12992	13
9.13104	13
9.13217	13
9.13329	12
9.13441	12
9.13552	12
9.13663	12
9.13774	12
9.13885	12
9.13996	12
9.14106	12
9.14216	12
9.14325	12
9.14434	12
9.14543	12
9.14652	12
9.14761	12
9.14869	11
9.14977	11
9.15085	11
9.15192	11
9.15299	11
9.15406	11
9.15512	11
9.15618	11
9.15724	11
9.15829	11
9.15934	11
9.16039	11
9.16144	11
9.16248	11
9.16352	11
9.16455	11
9.16558	11
9.16661	11
9.16763	11
9.16865	11
9.16967	11
9.17069	11
9.1717	10
9.17271	10
9.17372	10
9.17472	10
9.17573	10
9.17672	10
9.17772	10
9.17871	10
9.17971	10
9.18069	10
9.18168	10
9.18267	10
9.18365	10
9.18464	10
9.18562	10
9.1866	10
9.18757	9
9.18855	9
9.18952	9
9.19049	9
9.19145	9
9.19242	9
9.19338	9
9.19434	9
9.19529	9
9.19624	9
9.19719	9
9.19814	9
9.19909	9
9.20003	9
9.20097	9
9.20191	9
9.20284	8
9.20377	8
9.2047	8
9.20562	8
9.20654	8
9.20746	8
9.20838	7
9.20929	7
9.21021	7
9.21112	7
9.21203	7
9.21294	7
9.21385	7
9.21475	7
9.21566	6
9.21656	6
9.21746	6
9.21836	6
9.21926	6
9.22015	5
9.22105	5
9.22194	5
9.22284	5
9.22373	5
9.22463	5
9.22552	5
9.22642	5
9.22731	5
9.2282	5
9.22909	5
9.22998	5
9.23087	5
9.23176	4
9.23265	4
9.23353	4
9.23442	4
9.23531	4
9.23619	3
9.23707	3
9.23796	3
9.23884	3
9.23973	3
9.24061	3
9.24149	3
9.24238	3
9.24326	3
9.24415	3
9.24504	3
9.24592	3
9.24681	2
9.2477	2
9.24858	2
9.24947	2
9.25036	2
9.25125	2
9.25214	2
9.25304	2
9.25393	2
9.25482	2
9.25572	2
9.25661	2
9.25751	2
9.2584	2
9.2593	2
9.2602	2
9.26109	2
9.26199	2
9.26289	2
9.26378	2
9.26468	2
9.26557	2
9.26647	2
9.26736	2
9.26826	2
9.26915	2
9.27004	2
9.27094	2
9.27183	2
9.27272	2
9.27362	2
9.27451	2
9.2754	2
9.27629	3
9.27719	3
9.27808	3
9.27897	3
9.27986	2
9.28075	2
9.28164	2
9.28253	2
9.28342	2
9.2843	2
9.28519	2
9.28607	2
9.28696	2
9.28784	2
9.28872	2
9.2896	2
9.29048	2
9.29136	2
9.29225	2
9.29313	2
9.29401	2
9.29488	2
9.29576	2
9.29664	2
9.29752	2
9.29839	2
9.29927	2
9.30014	2
9.30102	2
9.30189	1
9.30276	1
9.30364	1
9.30451	1
9.30538	1
9.30625	1
9.30713	1
9.308	1
9.30887	1
9.30975	1
9.31062	1
9.3115	1
9.31238	1
9.31325	1
9.31413	1
9.31501	1
9.31589	1
9.31676	1
9.31764	1
9.31852	1
9.3194	1
9.32028	1
9.32117	1
9.32205	1
9.32293	1
9.32382	1
9.32471	2
9.32559	2
9.32648	2
9.32736	2
9.32825	2
9.32914	2
9.33002	3
9.33091	3
9.33179	3
9.33268	3
9.33356	2
9.33444	2
9.33532	2
9.3362	2
9.33709	2
9.33796	2
9.33884	2
9.33972	2
9.3406	2
9.34147	2
9.34234	2
9.34322	2
9.34409	2
9.34496	2
9.34583	2
9.3467	2
9.34757	2
9.34843	2
9.3493	2
9.35017	2
9.35103	2
9.3519	2
9.35277	2
9.35363	2
9.3545	2
9.35536	2
9.35622	2
9.35709	2
9.35795	2
9.35881	2
9.35968	2
9.36054	2
9.3614	2
9.36227	2
9.36313	2
9.364	2
9.36486	2
9.36573	2
9.3666	2
9.36746	2
9.36833	2
9.3692	2
9.37006	2
9.37093	2
9.37179	2
9.37266	2
9.37352	2
9.37439	2
9.37525	2
9.37612	2
9.37698	2
9.37785	2
9.37872	2
9.37958	2
9.38045	2
9.38132	2
9.38219	2
9.38307	2
9.38394	2
9.38481	2
9.38569	2
9.38657	2
9.38745	2
9.38833	2
9.38922	2
9.3901	2
9.39099	2
9.39188	2
9.39277	2
9.39366	2
9.39455	2
9.39545	2
9.39635	2
9.39725	2
9.39815	2
9.39905	2
9.39996	2
9.40086	2
9.40177	2
9.40268	2
9.40359	2
9.4045	2
9.40541	2
9.40632	2
9.40723	2
9.40815	2
9.40906	2
9.40998	2
9.4109	2
9.41183	2
9.41275	2
9.41368	2
9.41461	2
9.41554	2
9.41647	3
9.4174	3
9.41834	3
9.41928	3
9.42022	3
9.42117	3
9.42212	3
9.42307	3
9.42402	3
9.42498	3
9.42593	3
9.42689	3
9.42785	4
9.42881	4
9.42977	4
9.43074	4
9.4317	4
9.43267	4
9.43364	5
9.43461	5
9.43558	5
9.43655	5
9.43752	5
9.4385	5
9.43947	5
9.44045	5
9.44142	5
9.4424	5
9.44338	5
9.44437	5
9.44535	5
9.44634	5
9.44732	6
9.44831	6
9.44931	6
9.4503	6
9.4513	6
9.4523	6
9.4533	6
9.4543	6
9.45531	7
9.45631	7
9.45732	7
9.45834	7
9.45935	7
9.46037	7
9.46139	7
9.46241	7
9.46344	8
9.46447	8
9.4655	8
9.46653	8
9.46756	8
9.4686	8
9.46964	8
9.47067	8
9.47171	9
9.47276	9
9.4738	9
9.47485	9
9.47589	9
9.47694	9
9.47799	9
9.47904	9
9.4801	9
9.48115	10
9.48221	10
9.48327	10
9.48433	10
9.48539	10
9.48645	10
9.48752	10
9.48859	11
9.48966	11
9.49073	11
9.4918	11
9.49288	10
9.49395	10
9.49503	10
9.49611	10
9.4972	10
9.49828	10
9.49936	10
9.50045	10
9.50154	10
9.50262	10
9.50371	10
9.5048	10
9.50589	10
9.50697	10
9.50806	11
9.50914	11
9.51023	11
9.51132	11
9.51241	11
9.51349	11
9.51458	11
9.51567	11
9.51675	11
9.51784	11
9.51893	11
9.52001	11
9.5211	11
9.52219	11
9.52328	11
9.52437	11
9.52546	11
9.52656	10
9.52765	10
9.52875	10
9.52985	10
9.53095	10
9.53205	10
9.53315	10
9.53426	10
9.53536	10
9.53647	10
9.53758	10
9.53869	10
9.5398	10
9.54091	10
9.54203	10
9.54314	10
9.54426	10
9.54538	10
9.5465	10
9.54762	10
9.54874	10
9.54986	10
9.55099	10
9.55212	10
9.55324	10
9.55437	10
9.5555	10
9.55664	10
9.55777	10
9.55891	10
9.56005	10
9.56119	10
9.56234	10
9.56349	10
9.56464	10
9.56579	10
9.56694	10
9.5681	11
9.56926	11
9.57042	11
9.57158	11
9.57274	11
9.57391	11
9.57507	11
9.57624	11
9.5774	11
9.57857	11
9.57973	11
9.5809	11
9.58206	11
9.58322	11
9.58438	11
9.58553	11
9.58669	11
9.58784	11
9.58899	11
9.59015	11
9.5913	11
9.59246	11
9.59361	11
9.59477	11
9.59592	11
9.59708	11
9.59824	11
9.5994	11
9.60056	11
9.60172	11
9.60288	11
9.60405	11
9.60521	11
9.60638	11
9.60754	11
9.60871	11
9.60988	11
9.61104	11
9.61221	10
9.61338	10
9.61454	10
9.6157	10
9.61686	10
9.61802	10
9.61918	9
9.62034	9
9.6215	9
9.62265	9
9.62381	9
9.62496	9
9.62612	9
9.62727	9
9.62842	9
9.62957	9
9.63072	9
9.63187	9
9.63302	9
9.63416	9
9.63531	9
9.63645	9
9.6376	9
9.63874	9
9.63988	9
9.64102	9
9.64216	9
9.6433	9
9.64443	9
9.64556	9
9.64669	9
9.64781	9
9.64894	9
9.65006	9
9.65118	9
9.6523	9
9.65342	8
9.65454	8
9.65566	8
9.65677	8
9.65788	8
9.65899	8
9.6601	8
9.66121	8
9.66232	8
9.66342	8
9.66453	7
9.66565	7
9.66676	7
9.66787	7
9.66898	7
9.67008	7
9.67119	7
9.67229	7
9.67339	7
9.67449	7
9.67559	7
9.67669	7
9.67778	7
9.67888	7
9.67997	7
9.68106	7
9.68215	7
9.68323	7
9.6843	7
9.68538	7
9.68645	7
9.68751	7
9.68858	7
9.68964	7
9.6907	7
9.69176	7
9.69282	7
9.69388	7
9.69494	7
9.696	7
9.69705	7
9.6981	7
9.69916	7
9.70021	7
9.70127	7
9.70233	7
9.70339	7
9.70445	7
9.70552	7
9.70658	7
9.70765	7
9.70872	7
9.70979	6
9.71086	6
9.71193	6
9.713	6
9.71407	6
9.71514	6
9.71621	6
9.71728	6
9.71835	6
9.71941	6
9.72048	6
9.72154	6
9.7226	6
9.72366	6
9.72472	6
9.72577	6
9.72683	6
9.72788	6
9.72893	6
9.72998	6
9.73103	6
9.73208	6
9.73313	6
9.73418	6
9.73523	6
9.73628	6
9.73733	6
9.73838	6
9.73943	6
9.74048	6
9.74153	6
9.74259	6
9.74364	6
9.7447	6
9.74576	6
9.74681	6
9.74787	6
9.74893	6
9.74999	6
9.75105	6
9.75212	6
9.75318	6
9.75424	6
9.7553	6
9.75637	6
9.75743	6
9.7585	6
9.75956	6
9.76063	6
9.76169	6
9.76276	6
9.76383	6
9.76489	6
9.76596	6
9.76702	6
9.76809	6
9.76915	6
9.77022	6
9.77128	6
9.77235	6
9.77342	6
9.77448	6
9.77555	6
9.77661	6
9.77768	6
9.77875	6
9.77981	6
9.78088	6
9.78195	6
9.78302	6
9.78409	6
9.78516	6
9.78623	6
9.7873	6
9.78838	6
9.78945	6
9.79053	6
9.79161	6
9.79269	6
9.79377	6
9.79485	6
9.79593	6
9.79702	6
9.7981	6
9.79919	6
9.80028	6
9.80137	7
9.80246	7
9.80354	7
9.80464	7
9.80573	7
9.80682	7
9.80791	7
9.809	7
9.81009	7
9.81119	7
9.81228	7
9.81337	7
9.81446	7
9.81555	7
9.81665	7
9.81774	7
9.81883	7
9.81992	7
9.82101	7
9.82211	7
9.8232	7
9.82429	7
9.82538	7
9.82647	7
9.82756	7
9.82866	7
9.82975	7
9.83084	7
9.83193	7
9.83302	7
9.83412	7
9.83521	7
9.8363	7
9.83739	7
9.83848	7
9.83957	7
9.84067	7
9.84176	7
9.84285	7
9.84394	7
9.84503	8
9.84613	8
9.84722	8
9.84831	8
9.8494	8
9.85049	8
9.85158	8
9.85268	8
9.85377	8
9.85486	8
9.85595	8
9.85704	8
9.85814	8
9.85923	8
9.86032	8
9.86141	8
9.8625	8
9.86359	8
9.86469	8
9.86578	8
9.86687	7
9.86796	7
9.86905	7
9.87015	7
9.87124	7
9.87233	7
9.87342	7
9.87451	7
9.8756	7
9.8767	7
9.87779	7
9.87888	7
9.87997	7
9.88106	8
9.88216	8
9.88325	8
9.88434	8
9.88543	8
9.88652	8
9.88761	8
9.88871	8
9.8898	8
9.89089	8
9.89198	8
9.89307	8
9.89417	8
9.89526	8
9.89635	8
9.89744	8
9.89853	8
9.89962	8
9.90072	8
9.90181	8
9.9029	8
9.90399	8
9.90508	8
9.90618	8
9.90727	9
9.90836	9
9.90945	9
9.91054	9
9.91164	9
9.91273	8
9.91382	8
9.91491	8
9.916	8
9.91709	8
9.91819	8
9.91928	8
9.92037	8
9.92146	8
9.92255	7
9.92365	7
9.92474	7
9.92583	7
9.92692	7
9.92801	7
9.9291	7
9.9302	7
9.93129	7
9.93238	7
9.93347	7
9.93456	7
9.93566	7
9.93675	7
9.93784	7
9.93893	7
9.94002	7
9.94111	7
9.94221	7
9.9433	7
9.94439	7
9.94548	7
9.94657	7
9.94767	7
9.94876	7
9.94985	7
9.95094	7
9.95203	7
9.95312	7
9.95422	7
9.95531	7
9.9564	7
9.95749	7
9.95858	8
9.95968	8
9.96077	8
9.96186	8
9.96295	8
9.96404	8
9.96513	7
9.96623	7
9.96732	7
9.96841	7
9.9695	7
9.97059	7
9.97169	7
9.97278	7
9.97387	7
9.97496	6
9.97605	6
9.97714	6
9.97824	6
9.97933	6
9.98042	6
9.98151	6
9.9826	6
9.9837	6
9.98479	6
9.98588	6
9.98697	6
9.98806	6
9.98916	6
9.99025	6
9.99134	6
9.99243	6
9.99352	6
9.99461	6
9.99571	6
9.9968	6
9.99789	6
9.99898	6
10.0001	6
10.0012	6
10.0023	6
10.0033	6
10.0044	6
10.0055	6
10.0066	6
10.0077	6
10.0088	6
10.0099	6
10.011	6
10.0121	7
10.0132	7
10.0143	7
10.0154	7
10.0165	7
10.0175	7
10.0186	7
10.0197	7
10.0208	7
10.0219	7
10.023	7
10.0241	7
10.0252	7
10.0263	7
10.0274	7
10.0285	7
10.0296	7
10.0306	7
10.0317	7
10.0328	6
10.0339	6
10.035	6
10.0361	6
10.0372	6
10.0383	6
10.0394	6
10.0405	6
10.0416	6
10.0427	6
10.0437	6
10.0448	6
10.0459	6
10.047	6
10.0481	6
10.0492	6
10.0503	6
10.0514	6
10.0525	6
10.0536	6
10.0547	6
10.0558	6
10.0568	6
10.0579	6
10.059	6
10.0601	6
10.0612	6
10.0623	7
10.0634	7
10.0645	7
10.0656	7
10.0667	7
10.0678	7
10.0689	7
10.07	7
10.071	7
10.0721	7
10.0732	7
10.0743	7
10.0754	7
10.0765	7
10.0776	7
10.0787	7
10.0798	6
10.0809	6
10.082	6
10.0831	6
10.0841	6
10.0852	6
10.0863	6
10.0874	6
10.0885	6
10.0896	6
10.0907	6
10.0918	6
10.0929	6
10.094	6
10.0951	6
10.0962	6
10.0972	6
10.0983	6
10.0994	6
10.1005	6
10.1016	6
10.1027	6
10.1038	6
10.1049	6
10.106	6
10.1071	6
10.1082	6
10.1093	6
10.1103	6
10.1114	6
10.1125	6
10.1136	6
10.1147	6
10.1158	6
10.1169	7
10.118	7
10.1191	7
10.1202	7
10.1213	7
10.1224	7
10.1235	7
10.1245	7
10.1256	7
10.1316	6
10.1327	5
10.1388	5
10.1398	4
10.1459	4
10.147	3
10.153	3
10.1541	3
10.1601	3
10.1612	2
10.1672	2
10.1683	2
10.1743	2
10.1754	2
10.1814	1
10.1825	1
10.1885	1
10.1896	1
10.1956	1
10.1967	1
10.2042	1
10.2083	1
10.2128	1
10.2169	1
10.2214	2
10.2255	2
10.23	2
10.2341	2
10.2382	2
10.2423	2
10.2464	2
10.2505	2
10.2546	2
10.2587	2
10.2628	2
10.2669	2
10.2702	2
10.2735	2
10.2768	2
10.2801	2
10.2832	2
10.2863	2
10.2893	2
10.2924	2
10.2955	2
10.2985	2
10.3016	2
10.3046	2
10.3077	2
10.3108	2
10.3138	2
10.3169	2
10.3199	2
10.323	2
10.3261	2
10.3291	2
10.3322	2
10.3353	2
10.3383	2
10.3414	2
10.3444	2
10.3475	2
10.3506	2
10.3536	2
10.3567	2
10.3597	2
10.3628	2
10.3659	2
10.3689	2
10.372	2
10.375	2
10.3781	2
10.3813	2
10.3845	2
10.3878	2
10.3911	2
10.3943	2
10.3976	2
10.4009	2
10.4041	2
10.4074	2
10.4106	2
10.4139	2
10.4172	2
10.4204	2
10.4237	2
10.427	2
10.4302	2
10.4335	2
10.4368	2
10.44	2
10.4433	2
10.4466	2
10.4498	2
10.4531	2
10.4564	2
10.4596	2
10.4629	2
10.4661	2
10.4694	2
10.4727	2
10.4759	2
10.4792	2
10.4825	2
10.4857	2
10.4891	2
10.4926	2
10.4961	2
10.4996	2
10.503	2
10.5065	2
10.51	2
10.5135	2
10.517	2
10.5204	2
10.5239	2
10.5274	2
10.5309	2
10.5344	2
10.5379	2
10.5413	2
10.5448	2
10.5483	2
10.5518	2
10.5553	2
10.5588	2
10.5622	2
10.5657	2
10.5699	2
10.5741	2
10.5783	2
10.5824	2
10.5866	2
10.5908	2
10.595	2
10.5991	2
10.6033	2
10.6075	2
10.6117	2
10.6159	2
10.62	2
10.6242	2
10.6284	2
10.6326	2
10.6368	2
10.6409	2
10.6451	2
10.6493	2
10.6535	2
10.6576	2
10.6618	2
10.666	2
10.671	2
10.676	2
10.681	3
10.6861	3
10.6911	3
10.6961	3
10.7011	3
10.7061	3
10.7111	3
10.7162	3
10.7212	3
10.7262	3
10.7312	3
10.7362	3
10.7412	3
10.7462	3
10.7513	3
10.7563	3
10.7613	3
10.7663	3
10.7713	3
10.7763	3
10.7813	3
10.7869	3
10.7929	3
10.7989	3
10.8049	3
10.8109	3
10.8169	3
10.823	3
10.829	3
10.835	3
10.841	3
10.847	3
10.853	3
10.8591	3
10.8651	3
10.8711	3
10.8771	3
10.8831	3
10.8892	3
10.8952	3
10.9012	3
10.9072	3
10.9132	3
10.9198	3
10.9271	3
10.9343	3
10.9415	3
10.9487	3
10.9559	3
10.9632	4
10.9704	4
10.9776	4
10.9848	4
10.992	4
10.9993	4
