        0.101003         0.000000
        0.121500        14.000000
        0.141500         7.000000
        0.161500         7.000000
        0.181500         8.000000
        0.201500         9.000000
        0.221500        10.000000
        0.241500        11.000000
        0.261500        13.000000
        0.281500        14.000000
        0.301500        16.000000
        0.321500        17.000000
        0.341500        18.000000
        0.361500        19.000000
        0.381500        20.000000
        0.401500        21.000000
        0.421500        22.000000
        0.441500        23.000000
        0.461500        23.000000
        0.481500        24.000000
        0.501500        25.000000
        0.521500        26.000000
        0.541500        27.000000
        0.561500        27.000000
        0.581500        27.000000
        0.601500        27.000000
        0.621500        28.000000
        0.641500        27.000000
        0.661500        27.000000
        0.681500        26.000000
        0.701500        25.000000
        0.721500        24.000000
        0.741500        24.000000
        0.761500        23.000000
        0.781500        22.000000
        0.801500        22.000000
        0.821500        22.000000
        0.841500        22.000000
        0.861500        22.000000
        0.881500        20.000000
        0.901500        19.000000
        0.921500        19.000000
        0.941500        18.000000
        0.961500        18.000000
        0.981500        18.000000
        1.001500        17.000000
        1.021500        17.000000
        1.041500        17.000000
        1.061500        16.000000
        1.081500        15.000000
        1.101500        15.000000
        1.121500        15.000000
        1.141500        14.000000
        1.161500        14.000000
        1.181500        15.000000
        1.201500        15.000000
        1.221500        15.000000
        1.241500        15.000000
        1.261500        14.000000
        1.281500        15.000000
        1.301500        17.000000
        1.321500        18.000000
        1.341500        19.000000
        1.361500        20.000000
        1.381500        20.000000
        1.401500        21.000000
        1.421500        21.000000
        1.441500        21.000000
        1.461500        21.000000
        1.481500        21.000000
        1.501500        21.000000
        1.521500        23.000000
        1.541500        23.000000
        1.561500        23.000000
        1.581500        24.000000
        1.601500        24.000000
        1.621500        24.000000
        1.641500        23.000000
        1.661500        23.000000
        1.681500        22.000000
        1.701500        22.000000
        1.721500        21.000000
        1.741500        21.000000
        1.761500        20.000000
        1.781500        20.000000
        1.801500        19.000000
        1.821500        18.000000
        1.841500        17.000000
        1.861500        17.000000
        1.881500        17.000000
        1.901500        17.000000
        1.921500        16.000000
        1.941500        15.000000
        1.961500        14.000000
        1.981500        14.000000
        2.001500        14.000000
        2.021500        13.000000
        2.041500        13.000000
        2.061500        14.000000
        2.081500        13.000000
        2.101500        14.000000
        2.121500        13.000000
        2.141500        12.000000
        2.161500        12.000000
        2.181500        12.000000
        2.201500        13.000000
        2.221500        12.000000
        2.241500        11.000000
        2.261500        12.000000
        2.281500        13.000000
        2.301500        12.000000
        2.321500        12.000000
        2.341500        12.000000
        2.361500        12.000000
        2.381500        12.000000
        2.401500        12.000000
        2.421500        12.000000
        2.441500        12.000000
        2.461500        12.000000
        2.481500        12.000000
        2.501500        11.000000
        2.521500        11.000000
        2.541500        12.000000
        2.561500        12.000000
        2.581500        12.000000
        2.601500        12.000000
        2.621500        12.000000
        2.641500        12.000000
        2.661500        11.000000
        2.681500        11.000000
        2.701500        11.000000
        2.721500        11.000000
        2.741500        12.000000
        2.761500        11.000000
        2.781500        11.000000
        2.801500        12.000000
        2.821500        12.000000
        2.841500        12.000000
        2.861500        12.000000
        2.881500        12.000000
        2.901500        12.000000
        2.921500        12.000000
        2.941500        13.000000
        2.961500        12.000000
        2.981500        12.000000
        3.001500        12.000000
        3.021500        12.000000
        3.041500        12.000000
        3.061500        12.000000
        3.081500        12.000000
        3.101500        12.000000
        3.121500        12.000000
        3.141500        12.000000
        3.161500        11.000000
        3.181500        12.000000
        3.201500        12.000000
        3.221500        12.000000
        3.241500        12.000000
        3.261500        12.000000
        3.281500        12.000000
        3.301500        12.000000
        3.321500        13.000000
        3.341500        13.000000
        3.361500        13.000000
        3.381500        13.000000
        3.401500        13.000000
        3.421500        13.000000
        3.441500        13.000000
        3.461500        12.000000
        3.481500        11.000000
        3.501500        12.000000
        3.521500        12.000000
        3.541500        11.000000
        3.561500        11.000000
        3.581500        11.000000
        3.601500        10.000000
        3.621500        10.000000
        3.641500        11.000000
        3.661500        11.000000
        3.681500        12.000000
        3.701500        13.000000
        3.721500        14.000000
        3.741500        14.000000
        3.761500        15.000000
        3.781500        16.000000
        3.801500        16.000000
        3.821500        17.000000
        3.841500        18.000000
        3.861500        19.000000
        3.881500        20.000000
        3.901500        22.000000
        3.921500        22.000000
        3.941500        22.000000
        3.961500        22.000000
        3.981500        22.000000
        4.001500        22.000000
        4.021500        22.000000
        4.041500        22.000000
        4.061500        22.000000
        4.081500        23.000000
        4.101500        24.000000
        4.121500        25.000000
        4.141500        24.000000
        4.161500        25.000000
        4.181500        27.000000
        4.201500        28.000000
        4.221500        29.000000
        4.241500        28.000000
        4.261500        28.000000
        4.281500        28.000000
        4.301500        26.000000
        4.321500        25.000000
        4.341500        25.000000
        4.361500        24.000000
        4.381500        23.000000
        4.401500        22.000000
        4.421500        20.000000
        4.441500        18.000000
        4.461500        18.000000
        4.481500        20.000000
        4.501500        21.000000
        4.521500        20.000000
        4.541500        20.000000
        4.561500        20.000000
        4.581500        21.000000
        4.601500        20.000000
        4.621500        18.000000
        4.641500        20.000000
        4.661500        21.000000
        4.681500        21.000000
        4.701500        20.000000
        4.721500        20.000000
        4.741500        19.000000
        4.761500        18.000000
        4.781500        18.000000
        4.801500        19.000000
        4.821500        19.000000
        4.841500        19.000000
        4.861500        18.000000
        4.881500        17.000000
        4.901500        18.000000
        4.921500        18.000000
        4.941500        18.000000
        4.961500        17.000000
        4.981500        18.000000
        5.001500        20.000000
        5.021500        22.000000
        5.041500        23.000000
        5.061500        23.000000
        5.081500        21.000000
        5.101500        20.000000
        5.121500        21.000000
        5.141500        21.000000
        5.161500        20.000000
        5.181500        20.000000
        5.201500        21.000000
        5.221500        22.000000
        5.241500        23.000000
        5.261500        20.000000
        5.281500        22.000000
        5.301500        23.000000
        5.321500        23.000000
        5.341500        24.000000
        5.361500        23.000000
        5.381500        23.000000
        5.401500        22.000000
        5.421500        22.000000
        5.441500        24.000000
        5.461500        23.000000
        5.481500        22.000000
        5.501500        24.000000
        5.521500        25.000000
        5.541500        26.000000
        5.561500        24.000000
        5.581500        23.000000
        5.601500        23.000000
        5.621500        23.000000
        5.641500        23.000000
        5.661500        22.000000
        5.681500        24.000000
        5.701500        25.000000
        5.721500        26.000000
        5.741500        26.000000
        5.761500        26.000000
        5.781500        26.000000
        5.801500        25.000000
        5.821500        24.000000
        5.841500        22.000000
        5.861500        21.000000
        5.881500        20.000000
        5.901500        20.000000
        5.921500        19.000000
        5.941500        18.000000
        5.961500        17.000000
        5.981500        17.000000
        6.001500        16.000000
        6.021500        16.000000
        6.041500        14.000000
        6.061500        13.000000
        6.081500        12.000000
        6.101500        11.000000
        6.121500        11.000000
        6.141500        11.000000
        6.161500        11.000000
        6.181500        10.000000
        6.201500        10.000000
        6.221500         9.000000
        6.241500         8.000000
        6.261500        11.000000
        6.281500        12.000000
        6.301500         9.000000
        6.321500        10.000000
        6.341500        11.000000
        6.361500        12.000000
        6.381500        13.000000
        6.401500        15.000000
        6.421500        16.000000
        6.441500        18.000000
        6.461500        19.000000
        6.481500        20.000000
        6.501500        21.000000
        6.521500        21.000000
        6.541500        22.000000
        6.561500        22.000000
        6.581500        22.000000
        6.601500        22.000000
        6.621500        22.000000
        6.641500        22.000000
        6.661500        22.000000
        6.681500        22.000000
        6.701500        22.000000
        6.721500        23.000000
        6.741500        23.000000
        6.761500        24.000000
        6.781500        24.000000
        6.801500        26.000000
        6.821500        28.000000
        6.841500        29.000000
        6.861500        27.000000
        6.881500        24.000000
        6.901500        21.000000
        6.921500        21.000000
        6.941500        21.000000
        6.961500        21.000000
        6.981500        20.000000
        7.001500        19.000000
        7.021500        18.000000
        7.041500        17.000000
        7.061500        17.000000
        7.081500        17.000000
        7.101500        17.000000
        7.121500        20.000000
        7.141500        16.000000
        7.161500        17.000000
        7.181500        19.000000
        7.201500        21.000000
        7.221500        23.000000
        7.241500        25.000000
        7.261500        27.000000
        7.281500        28.000000
        7.301500        28.000000
        7.321500        28.000000
        7.341500        28.000000
        7.361500        26.000000
        7.381500        25.000000
        7.401500        25.000000
        7.421500        24.000000
        7.441500        24.000000
        7.461500        24.000000
        7.481500        24.000000
        7.501500        24.000000
        7.521500        24.000000
        7.541500        24.000000
        7.561500        24.000000
        7.581500        24.000000
        7.601500        24.000000
        7.621500        24.000000
        7.641500        25.000000
        7.661500        25.000000
        7.681500        25.000000
        7.701500        25.000000
        7.721500        23.000000
        7.741500        21.000000
        7.761500        20.000000
        7.781500        20.000000
        7.801500        19.000000
        7.821500        19.000000
        7.841500        19.000000
        7.861500        19.000000
        7.881500        19.000000
        7.901500        19.000000
        7.921500        19.000000
        7.941500        20.000000
        7.961500        20.000000
        7.981500        20.000000
        8.001500        20.000000
        8.021500        21.000000
        8.041500        22.000000
        8.061500        21.000000
        8.081500        21.000000
        8.101500        21.000000
        8.121500        20.000000
        8.141500        19.000000
        8.161500        19.000000
        8.181500        19.000000
        8.201500        18.000000
        8.221500        18.000000
        8.241500        17.000000
        8.261500        17.000000
        8.281500        16.000000
        8.301500        15.000000
        8.321500        15.000000
        8.341500        14.000000
        8.361500        14.000000
        8.381500        13.000000
        8.401500        13.000000
        8.421500        12.000000
        8.441500        13.000000
        8.461500        14.000000
        8.481500        14.000000
        8.501500        14.000000
        8.521500        15.000000
        8.541500        17.000000
        8.561500        19.000000
        8.581500        20.000000
        8.601500        21.000000
        8.621500        20.000000
        8.641500        19.000000
        8.661500        19.000000
        8.681500        18.000000
        8.701500        17.000000
        8.721500        17.000000
        8.741500        17.000000
        8.761500        18.000000
        8.781500        18.000000
        8.801500        18.000000
        8.821500        18.000000
        8.841500        19.000000
        8.861500        20.000000
        8.881500        21.000000
        8.901500        21.000000
        8.921500        22.000000
        8.941500        24.000000
        8.961500        26.000000
        8.981500        27.000000
        9.001500        29.000000
        9.021500        29.000000
        9.041500        29.000000
        9.061500        28.000000
        9.081500        27.000000
        9.101500        25.000000
        9.121500        23.000000
        9.141500        21.000000
        9.161500        20.000000
        9.181500        20.000000
        9.201500        20.000000
        9.221500        20.000000
        9.241500        21.000000
        9.261500        22.000000
        9.281500        23.000000
        9.301500        22.000000
        9.321500        24.000000
        9.341500        25.000000
        9.361500        26.000000
        9.381500        26.000000
        9.401500        25.000000
        9.421500        22.000000
        9.441500        25.000000
        9.461500        26.000000
        9.481500        26.000000
        9.501500        25.000000
        9.521500        24.000000
        9.541500        23.000000
        9.561500        22.000000
        9.581500        21.000000
        9.601500        21.000000
        9.621500        21.000000
        9.641500        20.000000
        9.661500        20.000000
        9.681500        20.000000
        9.701500        19.000000
        9.721500        20.000000
        9.741500        20.000000
        9.761500        20.000000
        9.781500        21.000000
        9.801500        21.000000
        9.821500        22.000000
        9.841500        22.000000
        9.861500        21.000000
        9.881500        21.000000
