        0.101003         0.000000
        0.121500         9.000000
        0.141500         1.000000
        0.161500         1.000000
        0.181500         2.000000
        0.201500         2.000000
        0.221500         2.000000
        0.241500         2.000000
        0.261500         3.000000
        0.281500         3.000000
        0.301500         3.000000
        0.321500         3.000000
        0.341500         4.000000
        0.361500         4.000000
        0.381500         5.000000
        0.401500         6.000000
        0.421500         6.000000
        0.441500         7.000000
        0.461500         7.000000
        0.481500         8.000000
        0.501500         9.000000
        0.521500        10.000000
        0.541500        10.000000
        0.561500        11.000000
        0.581500        11.000000
        0.601500        11.000000
        0.621500        11.000000
        0.641500        11.000000
        0.661500        11.000000
        0.681500        10.000000
        0.701500        10.000000
        0.721500        10.000000
        0.741500         9.000000
        0.761500         9.000000
        0.781500         9.000000
        0.801500         9.000000
        0.821500         9.000000
        0.841500         9.000000
        0.861500         9.000000
        0.881500         9.000000
        0.901500         9.000000
        0.921500         8.000000
        0.941500         8.000000
        0.961500         8.000000
        0.981500         8.000000
        1.001500         8.000000
        1.021500         8.000000
        1.041500         8.000000
        1.061500         7.000000
        1.081500         7.000000
        1.101500         7.000000
        1.121500         7.000000
        1.141500         7.000000
        1.161500         7.000000
        1.181500         7.000000
        1.201500         7.000000
        1.221500         8.000000
        1.241500         8.000000
        1.261500         7.000000
        1.281500         8.000000
        1.301500         9.000000
        1.321500        10.000000
        1.341500        10.000000
        1.361500        11.000000
        1.381500        11.000000
        1.401500        12.000000
        1.421500        12.000000
        1.441500        12.000000
        1.461500        11.000000
        1.481500        12.000000
        1.501500        12.000000
        1.521500        13.000000
        1.541500        13.000000
        1.561500        13.000000
        1.581500        13.000000
        1.601500        14.000000
        1.621500        14.000000
        1.641500        13.000000
        1.661500        13.000000
        1.681500        13.000000
        1.701500        13.000000
        1.721500        13.000000
        1.741500        12.000000
        1.761500        11.000000
        1.781500        11.000000
        1.801500        11.000000
        1.821500        11.000000
        1.841500        10.000000
        1.861500        10.000000
        1.881500        10.000000
        1.901500        10.000000
        1.921500        10.000000
        1.941500         9.000000
        1.961500         9.000000
        1.981500         8.000000
        2.001500         8.000000
        2.021500         8.000000
        2.041500         8.000000
        2.061500         8.000000
        2.081500         8.000000
        2.101500         8.000000
        2.121500         8.000000
        2.141500         7.000000
        2.161500         7.000000
        2.181500         7.000000
        2.201500         8.000000
        2.221500         7.000000
        2.241500         7.000000
        2.261500         7.000000
        2.281500         8.000000
        2.301500         7.000000
        2.321500         8.000000
        2.341500         7.000000
        2.361500         8.000000
        2.381500         7.000000
        2.401500         7.000000
        2.421500         7.000000
        2.441500         8.000000
        2.461500         7.000000
        2.481500         7.000000
        2.501500         7.000000
        2.521500         7.000000
        2.541500         7.000000
        2.561500         7.000000
        2.581500         7.000000
        2.601500         7.000000
        2.621500         7.000000
        2.641500         7.000000
        2.661500         7.000000
        2.681500         7.000000
        2.701500         7.000000
        2.721500         7.000000
        2.741500         7.000000
        2.761500         7.000000
        2.781500         7.000000
        2.801500         7.000000
        2.821500         7.000000
        2.841500         8.000000
        2.861500         8.000000
        2.881500         8.000000
        2.901500         8.000000
        2.921500         8.000000
        2.941500         8.000000
        2.961500         8.000000
        2.981500         8.000000
        3.001500         8.000000
        3.021500         8.000000
        3.041500         8.000000
        3.061500         8.000000
        3.081500         8.000000
        3.101500         8.000000
        3.121500         7.000000
        3.141500         7.000000
        3.161500         7.000000
        3.181500         8.000000
        3.201500         8.000000
        3.221500         8.000000
        3.241500         8.000000
        3.261500         8.000000
        3.281500         8.000000
        3.301500         8.000000
        3.321500         8.000000
        3.341500         8.000000
        3.361500         8.000000
        3.381500         8.000000
        3.401500         8.000000
        3.421500         8.000000
        3.441500         8.000000
        3.461500         8.000000
        3.481500         7.000000
        3.501500         8.000000
        3.521500         7.000000
        3.541500         7.000000
        3.561500         7.000000
        3.581500         7.000000
        3.601500         7.000000
        3.621500         7.000000
        3.641500         7.000000
        3.661500         7.000000
        3.681500         8.000000
        3.701500         8.000000
        3.721500         9.000000
        3.741500         9.000000
        3.761500        10.000000
        3.781500        10.000000
        3.801500        10.000000
        3.821500        11.000000
        3.841500        11.000000
        3.861500        12.000000
        3.881500        13.000000
        3.901500        14.000000
        3.921500        14.000000
        3.941500        15.000000
        3.961500        15.000000
        3.981500        15.000000
        4.001500        14.000000
        4.021500        14.000000
        4.041500        14.000000
        4.061500        15.000000
        4.081500        15.000000
        4.101500        16.000000
        4.121500        17.000000
        4.141500        16.000000
        4.161500        17.000000
        4.181500        18.000000
        4.201500        19.000000
        4.221500        19.000000
        4.241500        19.000000
        4.261500        18.000000
        4.281500        19.000000
        4.301500        17.000000
        4.321500        16.000000
        4.341500        17.000000
        4.361500        16.000000
        4.381500        15.000000
        4.401500        14.000000
        4.421500        13.000000
        4.441500        12.000000
        4.461500        12.000000
        4.481500        13.000000
        4.501500        14.000000
        4.521500        13.000000
        4.541500        13.000000
        4.561500        13.000000
        4.581500        14.000000
        4.601500        13.000000
        4.621500        12.000000
        4.641500        13.000000
        4.661500        14.000000
        4.681500        13.000000
        4.701500        13.000000
        4.721500        13.000000
        4.741500        12.000000
        4.761500        12.000000
        4.781500        12.000000
        4.801500        12.000000
        4.821500        12.000000
        4.841500        12.000000
        4.861500        12.000000
        4.881500        11.000000
        4.901500        12.000000
        4.921500        12.000000
        4.941500        12.000000
        4.961500        11.000000
        4.981500        12.000000
        5.001500        13.000000
        5.021500        14.000000
        5.041500        15.000000
        5.061500        15.000000
        5.081500        14.000000
        5.101500        13.000000
        5.121500        14.000000
        5.141500        14.000000
        5.161500        13.000000
        5.181500        13.000000
        5.201500        14.000000
        5.221500        14.000000
        5.241500        15.000000
        5.261500        14.000000
        5.281500        15.000000
        5.301500        15.000000
        5.321500        15.000000
        5.341500        16.000000
        5.361500        16.000000
        5.381500        15.000000
        5.401500        15.000000
        5.421500        15.000000
        5.441500        16.000000
        5.461500        15.000000
        5.481500        15.000000
        5.501500        16.000000
        5.521500        17.000000
        5.541500        17.000000
        5.561500        16.000000
        5.581500        15.000000
        5.601500        15.000000
        5.621500        15.000000
        5.641500        16.000000
        5.661500        15.000000
        5.681500        16.000000
        5.701500        17.000000
        5.721500        17.000000
        5.741500        17.000000
        5.761500        18.000000
        5.781500        17.000000
        5.801500        17.000000
        5.821500        16.000000
        5.841500        15.000000
        5.861500        14.000000
        5.881500        14.000000
        5.901500        14.000000
        5.921500        13.000000
        5.941500        12.000000
        5.961500        12.000000
        5.981500        11.000000
        6.001500        11.000000
        6.021500        11.000000
        6.041500        10.000000
        6.061500         9.000000
        6.081500         8.000000
        6.101500         8.000000
        6.121500         7.000000
        6.141500         7.000000
        6.161500         7.000000
        6.181500         7.000000
        6.201500         6.000000
        6.221500         6.000000
        6.241500         6.000000
        6.261500         7.000000
        6.281500         8.000000
        6.301500         6.000000
        6.321500         7.000000
        6.341500         7.000000
        6.361500         8.000000
        6.381500         9.000000
        6.401500        10.000000
        6.421500        11.000000
        6.441500        12.000000
        6.461500        13.000000
        6.481500        14.000000
        6.501500        14.000000
        6.521500        15.000000
        6.541500        15.000000
        6.561500        15.000000
        6.581500        15.000000
        6.601500        15.000000
        6.621500        15.000000
        6.641500        15.000000
        6.661500        15.000000
        6.681500        15.000000
        6.701500        15.000000
        6.721500        15.000000
        6.741500        16.000000
        6.761500        16.000000
        6.781500        16.000000
        6.801500        17.000000
        6.821500        19.000000
        6.841500        19.000000
        6.861500        18.000000
        6.881500        16.000000
        6.901500        14.000000
        6.921500        14.000000
        6.941500        14.000000
        6.961500        14.000000
        6.981500        13.000000
        7.001500        12.000000
        7.021500        12.000000
        7.041500        12.000000
        7.061500        11.000000
        7.081500        11.000000
        7.101500        12.000000
        7.121500        13.000000
        7.141500        11.000000
        7.161500        11.000000
        7.181500        13.000000
        7.201500        14.000000
        7.221500        16.000000
        7.241500        17.000000
        7.261500        18.000000
        7.281500        19.000000
        7.301500        19.000000
        7.321500        19.000000
        7.341500        19.000000
        7.361500        17.000000
        7.381500        17.000000
        7.401500        17.000000
        7.421500        16.000000
        7.441500        16.000000
        7.461500        16.000000
        7.481500        16.000000
        7.501500        16.000000
        7.521500        16.000000
        7.541500        16.000000
        7.561500        16.000000
        7.581500        16.000000
        7.601500        16.000000
        7.621500        16.000000
        7.641500        16.000000
        7.661500        16.000000
        7.681500        16.000000
        7.701500        16.000000
        7.721500        15.000000
        7.741500        14.000000
        7.761500        13.000000
        7.781500        13.000000
        7.801500        12.000000
        7.821500        12.000000
        7.841500        12.000000
        7.861500        13.000000
        7.881500        13.000000
        7.901500        13.000000
        7.921500        13.000000
        7.941500        13.000000
        7.961500        13.000000
        7.981500        13.000000
        8.001500        13.000000
        8.021500        14.000000
        8.041500        14.000000
        8.061500        14.000000
        8.081500        14.000000
        8.101500        14.000000
        8.121500        13.000000
        8.141500        12.000000
        8.161500        13.000000
        8.181500        13.000000
        8.201500        12.000000
        8.221500        12.000000
        8.241500        12.000000
        8.261500        11.000000
        8.281500        11.000000
        8.301500        10.000000
        8.321500        10.000000
        8.341500         9.000000
        8.361500         9.000000
        8.381500         9.000000
        8.401500         8.000000
        8.421500         8.000000
        8.441500         8.000000
        8.461500         9.000000
        8.481500         9.000000
        8.501500         9.000000
        8.521500        10.000000
        8.541500        11.000000
        8.561500        13.000000
        8.581500        14.000000
        8.601500        14.000000
        8.621500        13.000000
        8.641500        13.000000
        8.661500        13.000000
        8.681500        12.000000
        8.701500        12.000000
        8.721500        11.000000
        8.741500        11.000000
        8.761500        12.000000
        8.781500        12.000000
        8.801500        12.000000
        8.821500        12.000000
        8.841500        13.000000
        8.861500        14.000000
        8.881500        14.000000
        8.901500        14.000000
        8.921500        15.000000
        8.941500        16.000000
        8.961500        17.000000
        8.981500        18.000000
        9.001500        19.000000
        9.021500        19.000000
        9.041500        19.000000
        9.061500        19.000000
        9.081500        18.000000
        9.101500        17.000000
        9.121500        15.000000
        9.141500        14.000000
        9.161500        13.000000
        9.181500        13.000000
        9.201500        13.000000
        9.221500        13.000000
        9.241500        14.000000
        9.261500        15.000000
        9.281500        15.000000
        9.301500        15.000000
        9.321500        16.000000
        9.341500        17.000000
        9.361500        17.000000
        9.381500        17.000000
        9.401500        17.000000
        9.421500        15.000000
        9.441500        16.000000
        9.461500        17.000000
        9.481500        17.000000
        9.501500        16.000000
        9.521500        16.000000
        9.541500        15.000000
        9.561500        14.000000
        9.581500        14.000000
        9.601500        14.000000
        9.621500        14.000000
        9.641500        13.000000
        9.661500        13.000000
        9.681500        13.000000
        9.701500        13.000000
        9.721500        13.000000
        9.741500        13.000000
        9.761500        13.000000
        9.781500        14.000000
        9.801500        14.000000
        9.821500        14.000000
        9.841500        14.000000
        9.861500        14.000000
        9.881500        14.000000
