        0.240000        15.278000
        0.280000        15.646200
        0.320000        15.353000
        0.360000        15.905000
        0.400000        16.251200
        0.443000        15.965209
        0.483000        16.549801
        0.523000        15.953200
        0.563000        16.249001
        0.603000        16.215200
        0.643000        16.419600
        0.683000        16.481001
        0.723000        16.251400
        0.763000        16.614799
        0.803000        16.676399
        0.843000        16.750000
        0.883000        16.812000
        0.923000        16.874399
        0.963000        16.959000
        1.003000        17.021999
        1.043000        16.136999
        1.083000        15.623400
        1.123000        14.792600
        1.163000        15.369200
        1.203000        14.500400
        1.243000        15.260800
        1.283000        16.837400
        1.323000        18.426800
        1.363000        19.398800
        1.403000        19.961800
        1.443000        20.838600
        1.483000        20.527201
        1.523000        18.993799
        1.563000        18.398600
        1.603000        18.752399
        1.643000        19.105400
        1.683000        19.389000
        1.723000        19.285999
        1.763000        18.997601
        1.803000        19.114000
        1.843000        17.937201
        1.883000        16.724001
        1.923000        16.221001
        1.963000        15.054200
        2.003000        13.887200
        2.043000        13.027800
        2.083000        13.678200
        2.123000        14.023800
        2.163000        12.195600
        2.203000        12.281600
        2.243000        12.843800
        2.283000        12.517800
        2.323000        12.516200
        2.363000        12.126400
        2.403000        12.280000
        2.443000        12.197600
        2.483000        11.790800
        2.523000        11.164800
        2.563000        11.708800
        2.603000        12.252400
        2.643000        11.746000
        2.685000        11.156000
        2.725000        11.038800
        2.765000        11.261600
        2.807000        11.266095
        2.847000        12.091400
        2.887000        11.976200
        2.927000        12.105800
        2.967000        12.560400
        3.007000        12.104000
        3.047000        12.442200
        3.087000        12.057800
        3.127000        11.754800
        3.167000        11.641600
        3.207000        12.057000
        3.247000        12.001200
        3.287000        12.326800
        3.327000        12.564000
        3.367000        12.496400
        3.407000        13.066000
        3.447000        12.361800
        3.487000        12.681000
        3.527000        11.913200
        3.567000        11.124800
        3.607000        10.467000
        3.647000        10.860800
        3.687000        12.464200
        3.727000        14.079000
        3.767000        15.279200
        3.807000        16.534401
        3.847000        18.542200
        3.887000        13.834400
        3.927000        11.698400
        3.967000        12.516600
        4.007000        12.981600
        4.047000        13.280000
        4.087000        13.654400
        4.127000        12.586400
        4.167000        12.579200
        4.207000        12.709600
        4.247000        12.841600
        4.287000        12.701800
        4.327000        12.654000
        4.367000        12.608200
        4.407000        12.429000
        4.447000        12.438600
        4.487000        13.090800
        4.527000        12.836000
        4.567000        12.591000
        4.607000        13.243600
        4.647000        12.989400
        4.687000        13.046800
        4.727000        12.793000
        4.767000        13.144000
        4.807000        13.202400
        4.847000        13.251400
        4.887000        13.005200
        4.927000        13.369000
        4.967000        14.023200
        5.007000        13.770800
        5.047000        13.528200
        5.087000        13.276000
        5.127000        13.628400
        5.167000        13.689400
        5.207000        13.740400
        5.247000        14.093800
        5.287000        13.852600
        5.327000        13.903800
        5.367000        13.955400
        5.407000        13.715200
        5.447000        14.372000
        5.487000        14.424000
        5.527000        14.184200
        5.567000        13.934400
        5.607000        14.289600
        5.647000        14.353000
        5.687000        14.406400
        5.727000        14.762200
        5.767000        14.526600
        5.807000        14.285200
        5.847000        14.338800
        5.887000        14.706400
        5.927000        14.458600
        5.967000        14.513200
        6.007000        14.882000
        6.047000        14.637200
        6.087000        13.062600
        6.127000        11.425800
        6.167000        10.890400
        6.207000        10.168000
        6.247000         8.822400
        6.287000        11.463600
        6.327000        14.470600
        6.367000        14.882000
        6.407000        15.736800
        6.447000        18.209200
        6.487000        20.235800
        6.527000        21.320801
        6.567000        20.993200
        6.607000        18.423800
        6.647000        15.497600
        6.687000        16.215799
        6.727000        17.198601
        6.767000        17.599600
        6.807000        17.927000
        6.847000        16.919800
        6.887000        16.418600
        6.927000        17.042601
        6.967000        17.369801
        7.007000        17.162399
        7.047000        17.063999
        7.087000        16.590000
        7.127000        17.823999
        7.167000        18.189600
        7.207000        17.662001
        7.247000        17.424400
        7.287000        17.791800
        7.327000        17.567400
        7.367000        17.330799
        7.407000        17.698799
        7.447000        17.475599
        7.487000        17.844000
        7.527000        17.910000
        7.567000        17.989401
        7.607000        18.056400
        7.647000        18.123199
        7.687000        18.515800
        7.727000        17.676001
        7.767000        18.046400
        7.807000        18.430201
        7.847000        18.498400
        7.887000        18.566999
        7.927000        18.649599
        7.967000        19.021200
        8.007000        18.787800
        8.047000        18.871599
        8.087000        18.941601
        8.127000        18.709801
        8.167000        19.096600
        8.207000        18.562799
        8.247000        17.726601
        8.287000        16.296600
        8.327000        14.835000
        8.367000        13.669200
        8.407000        13.074800
        8.447000        12.236400
        8.487000        14.102800
        8.527000        18.177999
        8.567000        20.573400
        8.607000        20.805599
        8.647000        19.243601
        8.687000        18.098400
        8.727000        17.026600
        8.767000        16.979200
        8.807000        17.932199
        8.847000        19.423599
        8.887000        20.754801
        8.927000        22.934000
        8.967000        26.113001
        9.007000        27.925200
        9.047000        18.158001
        9.087000        18.677401
        9.127000        19.531000
        9.167000        19.705999
        9.207000        19.187000
        9.247000        20.235201
        9.287000        21.716200
        9.327000        20.008801
        9.367000        19.959600
        9.407000        20.028400
        9.447000        20.054800
        9.487000        20.286600
        9.527000        20.058001
        9.567000        19.834400
        9.607000        20.084999
        9.647000        19.856800
        9.687000        19.326401
        9.727000        19.415800
        9.767000        19.793600
        9.807000        20.775400
        9.847000        21.170200
        9.887000        20.949600
        9.927000        20.419399
        9.967000        20.509199
       10.007000        20.281200
       10.047000        20.555401
       10.087000        20.416201
       10.127000        20.202999
       10.167000        20.580400
