        0.100000      8192.000000
        0.110000      8192.000000
        0.120000      8192.000000
        0.130000      8192.000000
        0.140000      8192.000000
        0.150000      8192.000000
        0.160000      8192.000000
        0.170000      8192.000000
        0.180000      8192.000000
        0.190000      8192.000000
        0.200000      8192.000000
        0.210000      8192.000000
        0.220000      8192.000000
        0.230000      8192.000000
        0.240000      8192.000000
        0.250000      8192.000000
        0.260000      8192.000000
        0.270000      8192.000000
        0.280000      8192.000000
        0.290000      8192.000000
        0.300000      8192.000000
        0.310000      8313.563477
        0.320000      8313.563477
        0.330000      8313.563477
        0.340000      8313.563477
        0.350000      8313.563477
        0.360000      8352.667969
        0.370000      8352.667969
        0.380000      8357.195312
        0.390000      8357.195312
        0.400000      8357.195312
        0.410000      8373.522461
        0.420000      8373.522461
        0.430000      8373.522461
        0.440000      8444.195312
        0.450000      8444.195312
        0.460000      8442.769531
        0.470000      8569.411133
        0.480000      8569.411133
        0.490000      8569.411133
        0.500000      8697.952148
        0.510000      8697.267578
        0.520000      8697.267578
        0.530000      8827.726562
        0.540000      8827.726562
        0.550000      8827.726562
        0.560000      8960.150391
        0.570000      8960.150391
        0.580000      8960.150391
        0.590000      9094.552734
        0.600000      9094.552734
        0.610000      9094.363281
        0.620000      9230.779297
        0.630000      9230.779297
        0.640000      9230.779297
        0.650000      9366.200195
        0.660000      9366.282227
        0.670000      9366.282227
        0.680000      9504.358398
        0.690000      9504.358398
        0.700000      9504.358398
        0.710000      9640.672852
        0.720000      9640.672852
        0.730000      9640.672852
        0.740000      9779.909180
        0.750000      9779.909180
        0.760000      9779.700195
        0.770000      9922.311523
        0.780000      9922.311523
        0.790000      9922.311523
        0.800000     10062.785156
        0.810000     10062.796875
        0.820000     10062.796875
        0.830000     10207.512695
        0.840000     10207.512695
        0.850000     10207.512695
        0.860000     10350.297852
        0.870000     10350.297852
        0.880000     10350.297852
        0.890000     10497.818359
        0.900000     10497.818359
        0.910000     10497.532227
        0.920000     10650.257812
        0.930000     10650.257812
        0.940000     10650.257812
        0.950000     10800.694336
        0.960000     10800.678711
        0.970000     10800.678711
        0.980000     10956.169922
        0.990000     10956.169922
        1.000000     10956.169922
        1.010000     11109.663086
        1.020000     11109.663086
        1.030000     11109.663086
        1.040000     11267.559570
        1.050000     11267.559570
        1.060000     11267.462891
        1.070000     11430.144531
        1.080000     11430.144531
        1.090000     11430.144531
        1.100000     11590.387695
        1.110000     11593.798828
        1.120000     11593.798828
        1.130000     11753.635742
        1.140000     11753.635742
        1.150000     11753.635742
        1.160000     11922.501953
        1.170000     11922.501953
        1.180000     11922.501953
        1.190000     12037.548828
        1.200000     12037.548828
        1.210000     12047.637695
        1.220000     12171.894531
        1.230000     12171.894531
        1.240000     12171.894531
        1.250000     12294.288086
        1.260000     12304.171875
        1.270000     12304.171875
        1.280000     12432.671875
        1.290000     12432.671875
        1.300000     12432.671875
        1.310000     12565.356445
        1.320000     12565.356445
        1.330000     12565.356445
        1.340000     12712.419922
        1.350000     12712.419922
        1.360000     12711.399414
        1.370000     12902.070312
        1.380000     12902.070312
        1.390000     12902.070312
        1.400000     13090.971680
        1.410000     13090.740234
        1.420000     13090.740234
        1.430000     13287.100586
        1.440000     13287.100586
        1.450000     13287.100586
        1.460000     13486.806641
        1.470000     13486.806641
        1.480000     13486.806641
        1.490000     13689.109375
        1.500000     13689.109375
        1.510000     13688.924805
        1.520000     13894.259766
        1.530000     13894.259766
        1.540000     13894.259766
        1.550000     14102.673828
        1.560000     14102.871094
        1.570000     14102.871094
        1.580000     14314.413086
        1.590000     14314.413086
        1.600000     14314.413086
        1.610000     14527.541992
        1.620000     14527.541992
        1.630000     14527.541992
        1.640000     14737.401367
        1.650000     14737.401367
        1.660000     14737.123047
        1.670000     14954.500977
        1.680000     14954.500977
        1.690000     14954.500977
        1.700000     15168.618164
        1.710000     15168.653320
        1.720000     15168.653320
        1.730000     15389.669922
        1.740000     15389.669922
        1.750000     15389.669922
        1.760000     15607.634766
        1.770000     15607.634766
        1.780000     15607.634766
        1.790000     15832.376953
        1.800000     15832.376953
        1.810000     15831.776367
        1.820000     16063.268555
        1.830000     16063.268555
        1.840000     16063.268555
        1.850000     16291.289062
        1.860000     16290.952148
        1.870000     16290.952148
        1.880000     16526.277344
        1.890000     16526.277344
        1.900000     16526.277344
        1.910000     16758.023438
        1.920000     16758.023438
        1.930000     16758.023438
        1.940000     16997.810547
        1.950000     16997.810547
        1.960000     16996.916016
        1.970000     17245.119141
        1.980000     17245.119141
        1.990000     17245.119141
        2.000000     17489.601562
        2.010000     17489.039062
        2.020000     17489.039062
        2.030000     17742.333984
        2.040000     17742.333984
        2.050000     17742.333984
        2.060000     17991.693359
        2.070000     17991.693359
        2.080000     17991.693359
        2.090000     18249.636719
        2.100000     18249.636719
        2.110000     18248.607422
        2.120000     18515.537109
        2.130000     18515.537109
        2.140000     18515.537109
        2.150000     18778.466797
        2.160000     18777.890625
        2.170000     18777.890625
        2.180000     17646.744141
        2.190000     17646.744141
        2.200000     17646.744141
        2.210000     17590.564453
        2.220000     17590.564453
        2.230000     17590.564453
        2.240000     16889.912109
        2.250000     16889.912109
        2.260000     16880.488281
        2.270000     16055.775391
        2.280000     16055.775391
        2.290000     16055.775391
        2.300000     15770.957031
        2.310000     15759.399414
        2.320000     15759.399414
        2.330000     14670.877930
        2.340000     14670.877930
        2.350000     14670.877930
        2.360000     14377.591797
        2.370000     14377.591797
        2.380000     14377.591797
        2.390000     13395.850586
        2.400000     13395.850586
        2.410000     13383.564453
        2.420000     13093.560547
        2.430000     13093.560547
        2.440000     13093.560547
        2.450000     13093.560547
        2.460000     13084.165039
        2.470000     13084.165039
        2.480000     13043.000977
        2.490000     13043.000977
        2.500000     13043.000977
        2.510000     13036.659180
        2.520000     13036.659180
        2.530000     13036.659180
        2.540000     13036.659180
        2.550000     13036.659180
        2.560000     13032.668945
        2.570000     13032.668945
        2.580000     13032.668945
        2.590000     13032.668945
        2.600000     13032.668945
        2.610000     13029.838867
        2.620000     13029.838867
        2.630000     13029.838867
        2.640000     13029.838867
        2.650000     13029.838867
        2.660000     13027.190430
        2.670000     13027.190430
        2.680000     13027.190430
        2.690000     13027.190430
        2.700000     13027.190430
        2.710000     13024.660156
        2.720000     13024.660156
        2.730000     13024.660156
        2.740000     13024.660156
        2.750000     13024.660156
        2.760000     13022.131836
        2.770000     13022.131836
        2.780000     13022.131836
        2.790000     13022.131836
        2.800000     13022.131836
        2.810000     13215.785156
        2.820000     13215.785156
        2.830000     13215.785156
        2.840000     13135.685547
        2.850000     13135.685547
        2.860000     13133.414062
        2.870000     13330.416016
        2.880000     13330.416016
        2.890000     13330.416016
        2.900000     13138.208984
        2.910000     13135.601562
        2.920000     13135.601562
        2.930000     13332.635742
        2.940000     13332.635742
        2.950000     13332.635742
        2.960000     13148.912109
        2.970000     13148.912109
        2.980000     13148.912109
        2.990000     13346.146484
        3.000000     13346.146484
        3.010000     13343.929688
        3.020000     13149.356445
        3.030000     13149.356445
        3.040000     13149.356445
        3.050000     13346.596680
        3.060000     13344.353516
        3.070000     13344.353516
        3.080000     13146.123047
        3.090000     13146.123047
        3.100000     13146.123047
        3.110000     13341.115234
        3.120000     13341.115234
        3.130000     13341.115234
        3.140000     13153.956055
        3.150000     13153.956055
        3.160000     13150.887695
        3.170000     13348.152344
        3.180000     13348.152344
        3.190000     13348.152344
        3.200000     13548.374023
        3.210000     13547.028320
        3.220000     13547.028320
        3.230000     13377.477539
        3.240000     13377.477539
        3.250000     13377.477539
        3.260000     13576.674805
        3.270000     13576.674805
        3.280000     13576.674805
        3.290000     13392.798828
        3.300000     13392.798828
        3.310000     13390.132812
        3.320000     13385.135742
        3.330000     13385.135742
        3.340000     13385.135742
        3.350000     13385.135742
        3.360000     13382.315430
        3.370000     13382.315430
        3.380000     13245.295898
        3.390000     13245.295898
        3.400000     13245.295898
        3.410000     13241.920898
        3.420000     13241.920898
        3.430000     13241.920898
        3.440000     13440.549805
        3.450000     13440.549805
        3.460000     13438.249023
        3.470000     13252.978516
        3.480000     13252.978516
        3.490000     13252.978516
        3.500000     13451.774414
        3.510000     13449.755859
        3.520000     13449.755859
        3.530000     13368.997070
        3.540000     13368.997070
        3.550000     13368.997070
        3.560000     13568.073242
        3.570000     13568.073242
        3.580000     13568.073242
        3.590000     13435.887695
        3.600000     13435.887695
        3.610000     13433.549805
        3.620000     13635.053711
        3.630000     13635.053711
        3.640000     13635.053711
        3.650000     13444.591797
        3.660000     13442.036133
        3.670000     13442.036133
        3.680000     13643.666992
        3.690000     13643.666992
        3.700000     13643.666992
        3.710000     13572.820312
        3.720000     13572.820312
        3.730000     13572.820312
        3.740000     13776.412109
        3.750000     13776.412109
        3.760000     13774.872070
        3.770000     13643.495117
        3.780000     13643.495117
        3.790000     13643.495117
        3.800000     13848.148438
        3.810000     13846.725586
        3.820000     13846.725586
        3.830000     13713.837891
        3.840000     13713.837891
        3.850000     13713.837891
        3.860000     13918.220703
        3.870000     13918.220703
        3.880000     13918.220703
        3.890000     13801.967773
        3.900000     13801.967773
        3.910000     13799.720703
        3.920000     14006.716797
        3.930000     14006.716797
        3.940000     14006.716797
        3.950000     13841.216797
        3.960000     13838.841797
        3.970000     13838.841797
        3.980000     14046.423828
        3.990000     14046.423828
        4.000000     14046.423828
        4.010000     13901.130859
        4.020000     13901.130859
        4.030000     13901.130859
        4.040000     14109.648438
        4.050000     14109.648438
        4.060000     14108.013672
        4.070000     13928.083984
        4.080000     13928.083984
        4.090000     13928.083984
        4.100000     14137.004883
        4.110000     14135.351562
        4.120000     14135.351562
        4.130000     13968.054688
        4.140000     13968.054688
        4.150000     13968.054688
        4.160000     14176.006836
        4.170000     14176.006836
        4.180000     14176.006836
        4.190000     14028.518555
        4.200000     14028.518555
        4.210000     14026.076172
        4.220000     14236.466797
        4.230000     14236.466797
        4.240000     14236.466797
        4.250000     14117.034180
        4.260000     14114.804688
        4.270000     14114.804688
        4.280000     14326.527344
        4.290000     14326.527344
        4.300000     14326.527344
        4.310000     14127.018555
        4.320000     14127.018555
        4.330000     14127.018555
        4.340000     14338.923828
        4.350000     14338.923828
        4.360000     14337.289062
        4.370000     14131.864258
        4.380000     14131.864258
        4.390000     14131.864258
        4.400000     14343.842773
        4.410000     14342.127930
        4.420000     14342.127930
        4.430000     14149.260742
        4.440000     14149.260742
        4.450000     14149.260742
        4.460000     14359.818359
        4.470000     14359.818359
        4.480000     14359.818359
        4.490000     14193.098633
        4.500000     14193.098633
        4.510000     14190.580078
        4.520000     14166.551758
        4.530000     14166.551758
        4.540000     14166.551758
        4.550000     14166.551758
        4.560000     14163.980469
        4.570000     14163.980469
        4.580000     14376.439453
        4.590000     14376.439453
        4.600000     14376.439453
        4.610000     14174.707031
        4.620000     14174.707031
        4.630000     14174.707031
        4.640000     14387.327148
        4.650000     14387.327148
        4.660000     14385.713867
        4.670000     14214.627930
        4.680000     14214.627930
        4.690000     14214.627930
        4.700000     14427.847656
        4.710000     14426.444336
        4.720000     14426.444336
        4.730000     14246.373047
        4.740000     14246.373047
        4.750000     14246.373047
        4.760000     14458.648438
        4.770000     14458.648438
        4.780000     14458.648438
        4.790000     14247.368164
        4.800000     14247.368164
        4.810000     14244.847656
        4.820000     14458.521484
        4.830000     14458.521484
        4.840000     14458.521484
        4.850000     14255.694336
        4.860000     14253.091797
        4.870000     14253.091797
        4.880000     14466.887695
        4.890000     14466.887695
        4.900000     14466.887695
        4.910000     14293.138672
        4.920000     14293.138672
        4.930000     14293.138672
        4.940000     14507.536133
        4.950000     14507.536133
        4.960000     14505.985352
        4.970000     14359.406250
        4.980000     14359.406250
        4.990000     14359.406250
        5.000000     14323.119141
        5.010000     14320.707031
        5.020000     14320.707031
        5.030000     14535.516602
        5.040000     14535.516602
        5.050000     14535.516602
        5.060000     14330.539062
        5.070000     14330.539062
        5.080000     14330.539062
        5.090000     14545.497070
        5.100000     14545.497070
        5.110000     14544.053711
        5.120000     14431.116211
        5.130000     14431.116211
        5.140000     14431.116211
        5.150000     14431.116211
        5.160000     14429.046875
        5.170000     14429.046875
        5.180000     14422.114258
        5.190000     14422.114258
        5.200000     14422.114258
        5.210000     14419.961914
        5.220000     14419.961914
        5.230000     14419.961914
        5.240000     14399.634766
        5.250000     14399.634766
        5.260000     14397.442383
        5.270000     14388.067383
        5.280000     14388.067383
        5.290000     14388.067383
        5.300000     14345.750000
        5.310000     14343.372070
        5.320000     14343.372070
        5.330000     14333.826172
        5.340000     14333.826172
        5.350000     14333.826172
        5.360000     14226.295898
        5.370000     14226.295898
        5.380000     14226.295898
        5.390000     14195.653320
        5.400000     14195.653320
        5.410000     14193.039062
        5.420000     14107.676758
        5.430000     14107.676758
        5.440000     14107.676758
        5.450000     14107.676758
        5.460000     14105.025391
        5.470000     14105.025391
        5.480000     14012.866211
        5.490000     14012.866211
        5.500000     14012.866211
        5.510000     14010.192383
        5.520000     14010.192383
        5.530000     14010.192383
        5.540000     13980.285156
        5.550000     13980.285156
        5.560000     13977.888672
        5.570000     14187.556641
        5.580000     14187.556641
        5.590000     14187.556641
        5.600000     14002.546875
        5.610000     14000.403320
        5.620000     14000.403320
        5.630000     13980.803711
        5.640000     13980.803711
        5.650000     13980.803711
        5.660000     14189.454102
        5.670000     14189.454102
        5.680000     14189.454102
        5.690000     14016.763672
        5.700000     14016.763672
        5.710000     14014.795898
        5.720000     14225.018555
        5.730000     14225.018555
        5.740000     14225.018555
        5.750000     14056.468750
        5.760000     14054.526367
        5.770000     14054.526367
        5.780000     14265.343750
        5.790000     14265.343750
        5.800000     14265.343750
        5.810000     14104.680664
        5.820000     14104.680664
        5.830000     14104.680664
        5.840000     14104.516602
        5.850000     14104.516602
        5.860000     14102.613281
        5.870000     14314.152344
        5.880000     14314.152344
        5.890000     14314.152344
        5.900000     14143.727539
        5.910000     14141.885742
        5.920000     14141.885742
        5.930000     14122.122070
        5.940000     14122.122070
        5.950000     14122.122070
        5.960000     14333.068359
        5.970000     14333.068359
        5.980000     14333.068359
        5.990000     14105.241211
        6.000000     14105.241211
        6.010000     14103.193359
        6.020000     14314.740234
        6.030000     14314.740234
        6.040000     14314.740234
        6.050000     14193.535156
        6.060000     14191.751953
        6.070000     14191.751953
        6.080000     14137.713867
        6.090000     14137.713867
        6.100000     14137.713867
        6.110000     14135.778320
        6.120000     14135.778320
        6.130000     14135.778320
        6.140000     14347.814453
        6.150000     14347.814453
        6.160000     14346.793945
        6.170000     14205.027344
        6.180000     14205.027344
        6.190000     14205.027344
        6.200000     14418.102539
        6.210000     14417.390625
        6.220000     14417.390625
        6.230000     14166.072266
        6.240000     14166.072266
        6.250000     14166.072266
        6.260000     14127.995117
        6.270000     14127.995117
        6.280000     14127.995117
        6.290000     14104.467773
        6.300000     14104.467773
        6.310000     14102.301758
        6.320000     14313.835938
        6.330000     14313.835938
        6.340000     14313.835938
        6.350000     14141.526367
        6.360000     14139.537109
        6.370000     14139.537109
        6.380000     14091.236328
        6.390000     14091.236328
        6.400000     14091.236328
        6.410000     14089.227539
        6.420000     14089.227539
        6.430000     14089.227539
        6.440000     14300.566406
        6.450000     14300.566406
        6.460000     14299.700195
        6.470000     14141.906250
        6.480000     14141.906250
        6.490000     14141.906250
        6.500000     14354.034180
        6.510000     14353.317383
        6.520000     14353.317383
        6.530000     14172.279297
        6.540000     14172.279297
        6.550000     14172.279297
        6.560000     14384.293945
        6.570000     14384.293945
        6.580000     14384.293945
        6.590000     14216.128906
        6.600000     14216.128906
        6.610000     14214.497070
        6.620000     14188.235352
        6.630000     14188.235352
        6.640000     14188.235352
        6.650000     14188.235352
        6.660000     14186.460938
        6.670000     14186.460938
        6.680000     14399.257812
        6.690000     14399.257812
        6.700000     14399.257812
        6.710000     14259.207031
        6.720000     14259.207031
        6.730000     14259.207031
        6.740000     14473.094727
        6.750000     14473.094727
        6.760000     14472.482422
        6.770000     14296.292969
        6.780000     14296.292969
        6.790000     14296.292969
        6.800000     14510.737305
        6.810000     14510.239258
        6.820000     14510.239258
        6.830000     14480.817383
        6.840000     14480.817383
        6.850000     14480.817383
        6.860000     14216.074219
        6.870000     14216.074219
        6.880000     14216.074219
        6.890000     14429.316406
        6.900000     14429.316406
        6.910000     14428.077148
        6.920000     14285.202148
        6.930000     14285.202148
        6.940000     14285.202148
        6.950000     14285.202148
        6.960000     14283.326172
        6.970000     14283.326172
        6.980000     14272.662109
        6.990000     14272.662109
        7.000000     14272.662109
        7.010000     14270.868164
        7.020000     14270.868164
        7.030000     14270.868164
        7.040000     14244.068359
        7.050000     14244.068359
        7.060000     14242.446289
        7.070000     14182.861328
        7.080000     14182.861328
        7.090000     14182.861328
        7.100000     14181.536133
        7.110000     14179.765625
        7.120000     14179.765625
        7.130000     14179.412109
        7.140000     14179.412109
        7.150000     14179.412109
        7.160000     14176.843750
        7.170000     14176.843750
        7.180000     14176.843750
        7.190000     14389.497070
        7.200000     14389.497070
        7.210000     14388.951172
        7.220000     14164.225586
        7.230000     14164.225586
        7.240000     14164.225586
        7.250000     14164.225586
        7.260000     14162.655273
        7.270000     14162.655273
        7.280000     14375.094727
        7.290000     14375.094727
        7.300000     14375.094727
        7.310000     14169.538086
        7.320000     14169.538086
        7.330000     14169.538086
        7.340000     14382.082031
        7.350000     14382.082031
        7.360000     14381.388672
        7.370000     14229.192383
        7.380000     14229.192383
        7.390000     14229.192383
        7.400000     14227.015625
        7.410000     14225.582031
        7.420000     14225.582031
        7.430000     14197.980469
        7.440000     14197.980469
        7.450000     14197.980469
        7.460000     14410.425781
        7.470000     14410.425781
        7.480000     14410.425781
        7.490000     14239.253906
        7.500000     14239.253906
        7.510000     14237.829102
        7.520000     14280.541992
        7.530000     14280.541992
        7.540000     14280.541992
        7.550000     14323.383789
        7.560000     14322.345703
        7.570000     14322.345703
        7.580000     14163.291992
        7.590000     14163.291992
        7.600000     14163.291992
        7.610000     14161.535156
        7.620000     14161.535156
        7.630000     14161.535156
        7.640000     14373.958008
        7.650000     14373.958008
        7.660000     14373.186523
        7.670000     14163.037109
        7.680000     14163.037109
        7.690000     14163.037109
        7.700000     14375.483398
        7.710000     14374.851562
        7.720000     14374.851562
        7.730000     14148.119141
        7.740000     14148.119141
        7.750000     14148.119141
        7.760000     14359.694336
        7.770000     14359.694336
        7.780000     14359.694336
        7.790000     14209.128906
        7.800000     14209.128906
        7.810000     14207.665039
        7.820000     14190.129883
        7.830000     14190.129883
        7.840000     14190.129883
        7.850000     14190.129883
        7.860000     14188.653320
        7.870000     14188.653320
        7.880000     14147.245117
        7.890000     14147.245117
        7.900000     14147.245117
        7.910000     14145.677734
        7.920000     14145.677734
        7.930000     14145.677734
        7.940000     14121.358398
        7.950000     14121.358398
        7.960000     14119.806641
        7.970000     14331.605469
        7.980000     14331.605469
        7.990000     14331.605469
        8.000000     14112.108398
        8.010000     14110.593750
        8.020000     14110.593750
        8.030000     14094.655273
        8.040000     14094.655273
        8.050000     14094.655273
        8.060000     14305.630859
        8.070000     14305.630859
        8.080000     14305.630859
        8.090000     14149.359375
        8.100000     14149.359375
        8.110000     14148.057617
        8.120000     14360.279297
        8.130000     14360.279297
        8.140000     14360.279297
        8.150000     14152.739258
        8.160000     14151.296875
        8.170000     14151.296875
        8.180000     14121.537109
        8.190000     14121.537109
        8.200000     14121.537109
        8.210000     14120.094727
        8.220000     14120.094727
        8.230000     14120.094727
        8.240000     14331.896484
        8.250000     14331.896484
        8.260000     14331.364258
        8.270000     14134.491211
        8.280000     14134.491211
        8.290000     14134.491211
        8.300000     14346.507812
        8.310000     14346.086914
        8.320000     14346.086914
        8.330000     14182.171875
        8.340000     14182.171875
        8.350000     14182.171875
        8.360000     14394.763672
        8.370000     14394.763672
        8.380000     14394.763672
        8.390000     14254.629883
        8.400000     14254.629883
        8.410000     14253.546875
        8.420000     14296.306641
        8.430000     14296.306641
        8.440000     14296.306641
        8.450000     14339.196289
        8.460000     14338.422852
        8.470000     14338.422852
        8.480000     14074.736328
        8.490000     14074.736328
        8.500000     14074.736328
        8.510000     14072.745117
        8.520000     14072.745117
        8.530000     14072.745117
        8.540000     14283.835938
        8.550000     14283.835938
        8.560000     14282.975586
        8.570000     14095.456055
        8.580000     14095.456055
        8.590000     14095.456055
        8.600000     14306.887695
        8.610000     14306.350586
        8.620000     14306.350586
        8.630000     14079.406250
        8.640000     14079.406250
        8.650000     14079.406250
        8.660000     14290.141602
        8.670000     14290.141602
        8.680000     14290.141602
        8.690000     14062.144531
        8.700000     14062.144531
        8.710000     14060.563477
        8.720000     14271.470703
        8.730000     14271.470703
        8.740000     14271.470703
        8.750000     14081.059570
        8.760000     14079.542969
        8.770000     14079.542969
        8.780000     14038.837891
        8.790000     14038.837891
        8.800000     14038.837891
        8.810000     14037.278320
        8.820000     14037.278320
        8.830000     14037.278320
        8.840000     14247.837891
        8.850000     14247.837891
        8.860000     14247.367188
        8.870000     14080.959961
        8.880000     14080.959961
        8.890000     14080.959961
        8.900000     14292.174805
        8.910000     14291.981445
        8.920000     14291.981445
        8.930000     14506.360352
        8.940000     14506.360352
        8.950000     14506.360352
        8.960000     14247.891602
        8.970000     14247.891602
        8.980000     14247.891602
        8.990000     14461.610352
        9.000000     14461.610352
        9.010000     14461.622070
        9.020000     14245.513672
        9.030000     14245.513672
        9.040000     14245.513672
        9.050000     14244.140625
        9.060000     14242.876953
        9.070000     14242.876953
        9.080000     14285.605469
        9.090000     14285.605469
        9.100000     14285.605469
        9.110000     14327.483398
        9.120000     14327.483398
        9.130000     14327.483398
        9.140000     14370.464844
        9.150000     14370.464844
        9.160000     14369.798828
        9.170000     14412.909180
        9.180000     14412.909180
        9.190000     14412.909180
        9.200000     14456.148438
        9.210000     14455.807617
        9.220000     14455.807617
        9.230000     14499.174805
        9.240000     14499.174805
        9.250000     14499.174805
        9.260000     14542.421875
        9.270000     14542.421875
        9.280000     14542.421875
        9.290000     14585.998047
        9.300000     14585.998047
        9.310000     14585.680664
        9.320000     14629.438477
        9.330000     14629.438477
        9.340000     14629.438477
        9.350000     14673.204102
        9.360000     14672.957031
        9.370000     14672.957031
        9.380000     14716.975586
        9.390000     14716.975586
        9.400000     14716.975586
        9.410000     14760.750000
        9.420000     14760.750000
        9.430000     14760.750000
        9.440000     14804.995117
        9.450000     14804.995117
        9.460000     14804.676758
        9.470000     14849.090820
        9.480000     14849.090820
        9.490000     14849.090820
        9.500000     14893.514648
        9.510000     14893.278320
        9.520000     14893.278320
        9.530000     14937.958008
        9.540000     14937.958008
        9.550000     14937.958008
        9.560000     14982.393555
        9.570000     14982.393555
        9.580000     14982.393555
        9.590000     15027.289062
        9.600000     15027.289062
        9.610000     15026.982422
        9.620000     15072.063477
        9.630000     15072.063477
        9.640000     15072.063477
        9.650000     15117.137695
        9.660000     15116.914062
        9.670000     15116.914062
        9.680000     15162.263672
        9.690000     15162.263672
        9.700000     15162.263672
        9.710000     15207.368164
        9.720000     15207.368164
        9.730000     15207.368164
        9.740000     14858.051758
        9.750000     14858.051758
        9.760000     14856.035156
        9.770000     15078.875000
        9.780000     15078.875000
        9.790000     15078.875000
        9.800000     14846.061523
        9.810000     14844.023438
        9.820000     14844.023438
        9.830000     14840.975586
        9.840000     14840.975586
        9.850000     14840.975586
        9.860000     14720.987305
        9.870000     14720.987305
        9.880000     14720.987305
        9.890000     14665.332031
        9.900000     14665.332031
        9.910000     14663.282227
        9.920000     14468.550781
        9.930000     14468.550781
        9.940000     14468.550781
        9.950000     14468.550781
        9.960000     14466.258789
        9.970000     14466.258789
        9.980000     14262.360352
        9.990000     14262.360352
       10.000000     14262.360352
       10.010000     14259.888672
       10.020000     14259.888672
       10.030000     14259.888672
       10.040000     14081.081055
       10.050000     14081.081055
       10.060000     14078.565430
       10.070000     14289.744141
       10.080000     14289.744141
       10.090000     14289.744141
       10.100000     14504.089844
       10.110000     14504.144531
       10.120000     14504.144531
       10.130000     14721.708008
       10.140000     14721.708008
       10.150000     14721.708008
       10.160000     14944.679688
       10.170000     14944.679688
       10.180000     14944.679688
       10.190000     15321.094727
       10.200000     15321.094727
       10.210000     15324.226562
       10.220000     15696.679688
       10.230000     15696.679688
       10.240000     15696.679688
       10.250000     15991.986328
       10.260000     15996.685547
       10.270000     15996.685547
       10.280000     16236.635742
       10.290000     16236.635742
       10.300000     16236.635742
       10.310000     16484.937500
       10.320000     16484.937500
       10.330000     16484.937500
       10.340000     16249.405273
       10.350000     16249.405273
       10.360000     16250.497070
       10.370000     15700.851562
       10.380000     15700.851562
       10.390000     15700.851562
       10.400000     15936.365234
       10.410000     15934.920898
       10.420000     15934.920898
       10.430000     16173.945312
       10.440000     16173.945312
       10.450000     16173.945312
       10.460000     16020.490234
       10.470000     16020.490234
       10.480000     16020.490234
       10.490000     16260.797852
       10.500000     16260.797852
       10.510000     16260.509766
       10.520000     16309.291016
       10.530000     16309.291016
       10.540000     16309.291016
       10.550000     16358.217773
       10.560000     16358.522461
       10.570000     16358.522461
       10.580000     16407.007812
       10.590000     16407.007812
       10.600000     16407.007812
       10.610000     16455.468750
       10.620000     16455.468750
       10.630000     16455.468750
       10.640000     16504.460938
       10.650000     16504.460938
       10.660000     16504.328125
       10.670000     16553.767578
       10.680000     16553.767578
       10.690000     16553.767578
       10.700000     16603.058594
       10.710000     16602.871094
       10.720000     16602.871094
       10.730000     16652.671875
       10.740000     16652.671875
       10.750000     16652.671875
       10.760000     16702.228516
       10.770000     16702.228516
       10.780000     16702.228516
       10.790000     16752.216797
       10.800000     16752.216797
       10.810000     16751.951172
       10.820000     16802.207031
       10.830000     16802.207031
       10.840000     16802.207031
       10.850000     16852.396484
       10.860000     16852.214844
       10.870000     16852.214844
       10.880000     16902.755859
       10.890000     16902.755859
       10.900000     16902.755859
       10.910000     16953.044922
       10.920000     16953.044922
       10.930000     16953.044922
       10.940000     17003.789062
       10.950000     17003.789062
       10.960000     17003.505859
       10.970000     17054.515625
       10.980000     17054.515625
       10.990000     17054.515625
       11.000000     17105.484375
       11.010000     17105.279297
       11.020000     17105.279297
       11.030000     17156.595703
       11.040000     17156.595703
       11.050000     17156.595703
       11.060000     17207.656250
       11.070000     17207.656250
       11.080000     17207.656250
       11.090000     17259.181641
       11.100000     17259.181641
       11.110000     17258.896484
       11.120000     17310.671875
       11.130000     17310.671875
       11.140000     17310.671875
       11.150000     17362.404297
       11.160000     17362.212891
       11.170000     17362.212891
       11.180000     17414.298828
       11.190000     17414.298828
       11.200000     17414.298828
       11.210000     17466.130859
       11.220000     17466.130859
       11.230000     17466.130859
       11.240000     17518.412109
       11.250000     17518.412109
       11.260000     17518.138672
       11.270000     17570.691406
       11.280000     17570.691406
       11.290000     17570.691406
       11.300000     17041.615234
       11.310000     17038.771484
       11.320000     17038.771484
       11.330000     17294.351562
       11.340000     17294.351562
       11.350000     17294.351562
       11.360000     17553.566406
       11.370000     17553.566406
       11.380000     17553.566406
       11.390000     17816.869141
       11.400000     17816.869141
       11.410000     17817.658203
       11.420000     18173.914062
       11.430000     18173.914062
       11.440000     18173.914062
       11.450000     18456.761719
       11.460000     18459.992188
       11.470000     18459.992188
       11.480000     18736.892578
       11.490000     18736.892578
       11.500000     18736.892578
       11.510000     19022.570312
       11.520000     19022.570312
       11.530000     19022.570312
       11.540000     19307.908203
       11.550000     19307.908203
       11.560000     19311.390625
       11.570000     18984.662109
       11.580000     18984.662109
       11.590000     18984.662109
       11.600000     19269.431641
       11.610000     19270.746094
       11.620000     19270.746094
       11.630000     18698.390625
       11.640000     18698.390625
       11.650000     18698.390625
       11.660000     18977.738281
       11.670000     18977.738281
       11.680000     18977.738281
       11.690000     18906.044922
       11.700000     18906.044922
       11.710000     18904.179688
       11.720000     18960.892578
       11.730000     18960.892578
       11.740000     18960.892578
       11.750000     19017.775391
       11.760000     19016.689453
       11.770000     19016.689453
       11.780000     19073.740234
       11.790000     19073.740234
       11.800000     19073.740234
       11.810000     19130.515625
       11.820000     19130.515625
       11.830000     19130.515625
       11.840000     19187.908203
       11.850000     19187.908203
       11.860000     19187.474609
       11.870000     19245.035156
       11.880000     19245.035156
       11.890000     19245.035156
       11.900000     19302.662109
       11.910000     19302.421875
       11.920000     19302.421875
       11.930000     19360.330078
       11.940000     19360.330078
       11.950000     19360.330078
       11.960000     19417.917969
       11.970000     19417.917969
       11.980000     19417.917969
       11.990000     19476.058594
       12.000000     19476.058594
       12.010000     19475.701172
       12.020000     18955.373047
       12.030000     18955.373047
       12.040000     18955.373047
       12.050000     18955.373047
       12.060000     18952.617188
       12.070000     18952.617188
       12.080000     18655.517578
       12.090000     18655.517578
       12.100000     18655.517578
       12.110000     18630.392578
       12.120000     18630.392578
       12.130000     18630.392578
       12.140000     16683.091797
       12.150000     16683.091797
       12.160000     16672.873047
       12.170000     15052.552734
       12.180000     15052.552734
       12.190000     15052.552734
       12.200000     14622.327148
       12.210000     14608.807617
       12.220000     14608.807617
       12.230000     12920.406250
       12.240000     12920.406250
       12.250000     12920.406250
       12.260000     12695.138672
       12.270000     12695.138672
       12.280000     12695.138672
       12.290000     11059.491211
       12.300000     11059.491211
       12.310000     11045.525391
       12.320000     11014.708008
       12.330000     11014.708008
       12.340000     11014.708008
       12.350000     11014.708008
       12.360000     11006.134766
       12.370000     11006.134766
       12.380000     10921.060547
       12.390000     10921.060547
       12.400000     10921.060547
       12.410000     10916.403320
       12.420000     10916.403320
       12.430000     10916.403320
       12.440000     10711.805664
       12.450000     10711.805664
       12.460000     10709.296875
       12.470000     10503.672852
       12.480000     10503.672852
       12.490000     10503.672852
       12.500000     10503.672852
       12.510000     10501.959961
       12.520000     10501.959961
       12.530000     10462.738281
       12.540000     10462.738281
       12.550000     10462.738281
       12.560000     10461.496094
       12.570000     10461.496094
       12.580000     10461.496094
       12.590000     10403.221680
       12.600000     10403.221680
       12.610000     10402.333984
       12.620000     10204.278320
       12.630000     10204.278320
       12.640000     10204.278320
       12.650000     10204.278320
       12.660000     10203.153320
       12.670000     10203.153320
       12.680000     10203.153320
       12.690000     10203.153320
       12.700000     10203.153320
       12.710000     10202.443359
       12.720000     10202.443359
       12.730000     10202.443359
       12.740000     10099.419922
       12.750000     10099.419922
       12.760000     10098.595703
       12.770000     10043.598633
       12.780000     10043.598633
       12.790000     10043.598633
       12.800000     10043.598633
       12.810000     10042.973633
       12.820000     10042.973633
       12.830000     10042.973633
       12.840000     10042.973633
       12.850000     10042.973633
       12.860000     10042.595703
       12.870000     10042.595703
       12.880000     10042.595703
       12.890000     10042.595703
       12.900000     10042.595703
       12.910000     10042.416992
       12.920000     10042.416992
       12.930000     10042.416992
       12.940000     10042.416992
       12.950000     10042.416992
       12.960000     10042.383789
       12.970000     10042.383789
       12.980000     10042.383789
       12.990000     10042.383789
       13.000000     10042.383789
       13.010000     11022.130859
       13.020000     11022.130859
       13.030000     11022.130859
       13.040000     11019.454102
       13.050000     11019.454102
       13.060000     11023.298828
       13.070000     10856.425781
       13.080000     10856.425781
       13.090000     10856.425781
       13.100000     11019.272461
       13.110000     11021.838867
       13.120000     11021.838867
       13.130000     10763.808594
       13.140000     10763.808594
       13.150000     10763.808594
       13.160000     10926.211914
       13.170000     10926.211914
       13.180000     10926.211914
       13.190000     10678.936523
       13.200000     10678.936523
       13.210000     10677.674805
       13.220000     10837.839844
       13.230000     10837.839844
       13.240000     10837.839844
       13.250000     10716.244141
       13.260000     10715.462891
       13.270000     10715.462891
       13.280000     10913.753906
       13.290000     10913.753906
       13.300000     10913.753906
       13.310000     10905.226562
       13.320000     10905.226562
       13.330000     10905.226562
       13.340000     11068.805664
       13.350000     11068.805664
       13.360000     11069.776367
       13.370000     11235.822266
       13.380000     11235.822266
       13.390000     11235.822266
       13.400000     11404.359375
       13.410000     11406.548828
       13.420000     11406.548828
       13.430000     11331.677734
       13.440000     11331.677734
       13.450000     11331.677734
       13.460000     11503.563477
       13.470000     11503.563477
       13.480000     11503.563477
       13.490000     11122.511719
       13.500000     11122.511719
       13.510000     11121.807617
       13.520000     10638.138672
       13.530000     10638.138672
       13.540000     10638.138672
       13.550000     10638.138672
       13.560000     10635.457031
       13.570000     10635.457031
       13.580000     10234.164062
       13.590000     10234.164062
       13.600000     10234.164062
       13.610000     10230.663086
       13.620000     10230.663086
       13.630000     10230.663086
       13.640000     10218.212891
       13.650000     10218.212891
       13.660000     10215.941406
       13.670000     10369.179688
       13.680000     10369.179688
       13.690000     10369.179688
       13.700000     10524.717773
       13.710000     10525.128906
       13.720000     10525.128906
       13.730000     10869.278320
       13.740000     10869.278320
       13.750000     10869.278320
       13.760000     11163.622070
       13.770000     11163.622070
       13.780000     11163.622070
       13.790000     11746.371094
       13.800000     11746.371094
       13.810000     11752.099609
       13.820000     12302.051758
       13.830000     12302.051758
       13.840000     12302.051758
       13.850000     12736.554688
       13.860000     12745.112305
       13.870000     12745.112305
       13.880000     13006.324219
       13.890000     13006.324219
       13.900000     13006.324219
       13.910000     13220.516602
       13.920000     13220.516602
       13.930000     13220.516602
       13.940000     13418.824219
       13.950000     13418.824219
       13.960000     13423.542969
       13.970000     12342.196289
       13.980000     12342.196289
       13.990000     12342.196289
       14.000000     12527.329102
       14.010000     12525.764648
       14.020000     12525.764648
       14.030000     12427.196289
       14.040000     12427.196289
       14.050000     12427.196289
       14.060000     12612.243164
       14.070000     12612.243164
       14.080000     12612.243164
       14.090000     12595.019531
       14.100000     12595.019531
       14.110000     12593.936523
       14.120000     12782.845703
       14.130000     12782.845703
       14.140000     12782.845703
       14.150000     12611.859375
       14.160000     12611.598633
       14.170000     12611.598633
       14.180000     12548.204102
       14.190000     12548.204102
       14.200000     12548.204102
       14.210000     12547.662109
       14.220000     12547.662109
       14.230000     12547.662109
       14.240000     12735.876953
       14.250000     12735.876953
       14.260000     12736.080078
       14.270000     12588.033203
       14.280000     12588.033203
       14.290000     12588.033203
       14.300000     12625.796875
       14.310000     12625.423828
       14.320000     12625.423828
       14.330000     12663.299805
       14.340000     12663.299805
       14.350000     12663.299805
       14.360000     12701.375000
       14.370000     12701.375000
       14.380000     12701.375000
       14.390000     12739.480469
       14.400000     12739.480469
       14.410000     12739.576172
       14.420000     12777.789062
       14.430000     12777.789062
       14.440000     12777.789062
       14.450000     12815.886719
       14.460000     12816.171875
       14.470000     12816.171875
       14.480000     12854.387695
       14.490000     12854.387695
       14.500000     12854.387695
       14.510000     12892.890625
       14.520000     12892.890625
       14.530000     12892.890625
       14.540000     12931.200195
       14.550000     12931.200195
       14.560000     12931.463867
       14.570000     12970.047852
       14.580000     12970.047852
       14.590000     12970.047852
       14.600000     13008.515625
       14.610000     13008.848633
       14.620000     13008.848633
       14.630000     13047.583008
       14.640000     13047.583008
       14.650000     13047.583008
       14.660000     13086.601562
       14.670000     13086.601562
       14.680000     13086.601562
       14.690000     13125.486328
       14.700000     13125.486328
       14.710000     13125.750000
       14.720000     13164.913086
       14.730000     13164.913086
       14.740000     13164.913086
       14.750000     13203.957031
       14.760000     13204.290039
       14.770000     13204.290039
       14.780000     13243.606445
       14.790000     13243.606445
       14.800000     13243.606445
       14.810000     13283.196289
       14.820000     13283.196289
       14.830000     13283.196289
       14.840000     13322.677734
       14.850000     13322.677734
       14.860000     13322.917969
       14.870000     13362.697266
       14.880000     13362.697266
       14.890000     13362.697266
       14.900000     13402.355469
       14.910000     13402.656250
       14.920000     13402.656250
       14.930000     13442.600586
       14.940000     13442.600586
       14.950000     13442.600586
       14.960000     13482.789062
       14.970000     13482.789062
       14.980000     13482.789062
       14.990000     13522.899414
       15.000000     13522.899414
       15.010000     13523.122070
       15.020000     13563.691406
       15.030000     13563.691406
       15.040000     13563.691406
       15.050000     13604.260742
       15.060000     13604.557617
       15.070000     13604.557617
       15.080000     13645.109375
       15.090000     13645.109375
       15.100000     13645.109375
       15.110000     13685.907227
       15.120000     13685.907227
       15.130000     13685.907227
       15.140000     13726.615234
       15.150000     13726.615234
       15.160000     13726.840820
       15.170000     13767.839844
       15.180000     13767.839844
       15.190000     13767.839844
       15.200000     13808.715820
       15.210000     13809.015625
       15.220000     13809.015625
       15.230000     13850.172852
       15.240000     13850.172852
       15.250000     13850.172852
       15.260000     13891.580078
       15.270000     13891.580078
       15.280000     13891.580078
       15.290000     13932.896484
       15.300000     13932.896484
       15.310000     13933.124023
       15.320000     13974.736328
       15.330000     13974.736328
       15.340000     13974.736328
       15.350000     14016.221680
       15.360000     14016.525391
       15.370000     14016.525391
       15.380000     14058.295898
       15.390000     14058.295898
       15.400000     14058.295898
       15.410000     14100.320312
       15.420000     14100.320312
       15.430000     14100.320312
       15.440000     14142.251953
       15.450000     14142.251953
       15.460000     14142.483398
       15.470000     14184.713867
       15.480000     14184.713867
       15.490000     14184.713867
       15.500000     14226.820312
       15.510000     14227.127930
       15.520000     14227.127930
       15.530000     14269.522461
       15.540000     14269.522461
       15.550000     14269.522461
       15.560000     14312.171875
       15.570000     14312.171875
       15.580000     14312.171875
       15.590000     14354.728516
       15.600000     14354.728516
       15.610000     14354.962891
       15.620000     14397.825195
       15.630000     14397.825195
       15.640000     14397.825195
       15.650000     14440.556641
       15.660000     14440.866211
       15.670000     14440.866211
       15.680000     14483.894531
       15.690000     14483.894531
       15.700000     14483.894531
       15.710000     14527.168945
       15.720000     14527.168945
       15.730000     14527.168945
       15.740000     14570.377930
       15.750000     14570.377930
       15.760000     14570.587891
       15.770000     14614.120117
       15.780000     14614.120117
       15.790000     14614.120117
       15.800000     14657.522461
       15.810000     14657.798828
       15.820000     14657.798828
       15.830000     14701.511719
       15.840000     14701.511719
       15.850000     14701.511719
       15.860000     14745.441406
       15.870000     14745.441406
       15.880000     14745.441406
       15.890000     14791.596680
       15.900000     14791.596680
       15.910000     14791.596680
       15.920000     14837.315430
       15.930000     14837.315430
       15.940000     14837.315430
       15.950000     14890.170898
       15.960000     14890.170898
       15.970000     14886.959961
       15.980000     14943.529297
       15.990000     14943.529297
       16.000000     14943.529297
       16.010000     15004.240234
       16.020000     15001.204102
       16.030000     15001.204102
       16.040000     15066.526367
       16.050000     15066.526367
       16.060000     15066.526367
       16.070000     15134.261719
       16.080000     15134.261719
       16.090000     15134.261719
       16.100000     15210.600586
       16.110000     15210.600586
       16.120000     15211.353516
       16.130000     15294.036133
       16.140000     15294.036133
       16.150000     15294.036133
       16.160000     15383.233398
       16.170000     15384.288086
       16.180000     15384.288086
       16.190000     15481.375977
       16.200000     15481.375977
       16.210000     15481.375977
       16.220000     14793.249023
       16.230000     14793.249023
       16.240000     14793.249023
       16.250000     15015.148438
       16.260000     15015.148438
       16.270000     15014.019531
       16.280000     14612.250000
       16.290000     14612.250000
       16.300000     14612.250000
       16.310000     14612.250000
       16.320000     14609.802734
       16.330000     14609.802734
       16.340000     14237.070312
       16.350000     14237.070312
       16.360000     14237.070312
       16.370000     14234.010742
       16.380000     14234.010742
       16.390000     14234.010742
       16.400000     13905.916992
       16.410000     13905.916992
       16.420000     13902.911133
       16.430000     14269.706055
       16.440000     14269.706055
       16.450000     14269.706055
       16.460000     14564.323242
       16.470000     14565.272461
       16.480000     14565.272461
       16.490000     15113.690430
       16.500000     15113.690430
       16.510000     15113.690430
       16.520000     15621.125000
       16.530000     15621.125000
       16.540000     15621.125000
       16.550000     16231.622070
       16.560000     16231.622070
       16.570000     16239.373047
       16.580000     16672.882812
       16.590000     16672.882812
       16.600000     16672.882812
       16.610000     17016.757812
       16.620000     17025.195312
       16.630000     17025.195312
       16.640000     17280.576172
       16.650000     17280.576172
       16.660000     17280.576172
       16.670000     17546.888672
       16.680000     17546.888672
       16.690000     17546.888672
       16.700000     16794.087891
       16.710000     16794.087891
       16.720000     16793.902344
       16.730000     16758.253906
       16.740000     16758.253906
       16.750000     16758.253906
       16.760000     17009.628906
       16.770000     17009.304688
       16.780000     17009.304688
       16.790000     17264.443359
       16.800000     17264.443359
       16.810000     17264.443359
       16.820000     17160.919922
       16.830000     17160.919922
       16.840000     17160.919922
       16.850000     17418.333984
       16.860000     17418.333984
       16.870000     17419.263672
       16.880000     17221.746094
       16.890000     17221.746094
       16.900000     17221.746094
       16.910000     17221.746094
       16.920000     17221.605469
       16.930000     17221.605469
       16.940000     17050.908203
       16.950000     17050.908203
       16.960000     17050.908203
       16.970000     17049.548828
       16.980000     17049.548828
       16.990000     17049.548828
       17.000000     17100.697266
       17.010000     17100.697266
       17.020000     17099.703125
       17.030000     17151.001953
       17.040000     17151.001953
       17.050000     17151.001953
       17.060000     17202.455078
       17.070000     17202.113281
       17.080000     17202.113281
       17.090000     17253.720703
       17.100000     17253.720703
       17.110000     17253.720703
       17.120000     17305.691406
       17.130000     17305.691406
       17.140000     17305.691406
       17.150000     17357.609375
       17.160000     17357.609375
       17.170000     17357.820312
       17.180000     17409.894531
       17.190000     17409.894531
       17.200000     17409.894531
       17.210000     17462.123047
       17.220000     17462.429688
       17.230000     17462.429688
       17.240000     17514.816406
       17.250000     17514.816406
       17.260000     17514.816406
       17.270000     17567.761719
       17.280000     17567.761719
       17.290000     17567.761719
       17.300000     17620.312500
       17.310000     17620.312500
       17.320000     17620.529297
       17.330000     17673.187500
       17.340000     17673.187500
       17.350000     17673.187500
       17.360000     17725.689453
       17.370000     17726.000000
       17.380000     17726.000000
       17.390000     17778.863281
       17.400000     17778.863281
       17.410000     17778.863281
       17.420000     17831.970703
       17.430000     17831.970703
       17.440000     17831.970703
       17.450000     17885.037109
       17.460000     17885.037109
       17.470000     17885.255859
       17.480000     17938.701172
       17.490000     17938.701172
       17.500000     17938.701172
       17.510000     17991.988281
       17.520000     17992.304688
       17.530000     17992.304688
       17.540000     18045.955078
       17.550000     18045.955078
       17.560000     18045.955078
       17.570000     18099.851562
       17.580000     18099.851562
       17.590000     18099.851562
       17.600000     18153.720703
       17.610000     18153.720703
       17.620000     18153.921875
       17.630000     18208.189453
       17.640000     18208.189453
       17.650000     18208.189453
       17.660000     18262.292969
       17.670000     18262.580078
       17.680000     18262.580078
       17.690000     18317.070312
       17.700000     18317.070312
       17.710000     18317.070312
       17.720000     18371.769531
       17.730000     18371.769531
       17.740000     18371.769531
       17.750000     18426.482422
       17.760000     18426.482422
       17.770000     18426.660156
       17.780000     18481.769531
       17.790000     18481.769531
       17.800000     18481.769531
       17.810000     18536.714844
       17.820000     18536.990234
       17.830000     18536.990234
       17.840000     18592.310547
       17.850000     18592.310547
       17.860000     18592.310547
       17.870000     18647.841797
       17.880000     18647.841797
       17.890000     18647.841797
       17.900000     18703.376953
       17.910000     18703.376953
       17.920000     18703.562500
       17.930000     18759.519531
       17.940000     18759.519531
       17.950000     18759.519531
       17.960000     18815.312500
       17.970000     18815.597656
       17.980000     18815.597656
       17.990000     18872.044922
       18.000000     18872.044922
       18.010000     18872.044922
       18.020000     18928.798828
       18.030000     18928.798828
       18.040000     18928.798828
       18.050000     18985.181641
       18.060000     18985.181641
       18.070000     18985.376953
       18.080000     19042.134766
       18.090000     19042.134766
       18.100000     19042.134766
       18.110000     19098.720703
       18.120000     19099.015625
       18.130000     19099.015625
       18.140000     19155.992188
       18.150000     19155.992188
       18.160000     19155.992188
       18.170000     19213.195312
       18.180000     19213.195312
       18.190000     19213.195312
       18.200000     19271.234375
       18.210000     19271.234375
       18.220000     19271.421875
       18.230000     19333.427734
       18.240000     19333.427734
       18.250000     19333.427734
       18.260000     19399.119141
       18.270000     19399.455078
       18.280000     19399.455078
       18.290000     19469.873047
       18.300000     19469.873047
       18.310000     19469.873047
       18.320000     19545.300781
       18.330000     19545.300781
       18.340000     19545.300781
       18.350000     19625.896484
       18.360000     19625.896484
       18.370000     19626.277344
       18.380000     19141.759766
       18.390000     19141.759766
       18.400000     19141.759766
       18.410000     19138.154297
       18.420000     19136.181641
       18.430000     19136.181641
       18.440000     18671.107422
       18.450000     18671.107422
       18.460000     18671.107422
       18.470000     18667.585938
       18.480000     18667.585938
       18.490000     18667.585938
       18.500000     18194.308594
       18.510000     18194.308594
       18.520000     18189.810547
       18.530000     17982.005859
       18.540000     17982.005859
       18.550000     17982.005859
       18.560000     17665.052734
       18.570000     17660.111328
       18.580000     17660.111328
       18.590000     17232.464844
       18.600000     17232.464844
       18.610000     17232.464844
       18.620000     17034.421875
       18.630000     17034.421875
       18.640000     17034.421875
       18.650000     17289.937500
       18.660000     17289.937500
       18.670000     17287.427734
       18.680000     16857.115234
       18.690000     16857.115234
       18.700000     16857.115234
       18.710000     16857.115234
       18.720000     16854.349609
       18.730000     16854.349609
       18.740000     16115.451172
       18.750000     16115.451172
       18.760000     16115.451172
       18.770000     16111.127930
       18.780000     16111.127930
       18.790000     16111.127930
       18.800000     16523.910156
       18.810000     16523.910156
       18.820000     16522.945312
       18.830000     17003.835938
       18.840000     17003.835938
       18.850000     17003.835938
       18.860000     17258.894531
       18.870000     17261.929688
       18.880000     17261.929688
       18.890000     17787.117188
       18.900000     17787.117188
       18.910000     17787.117188
       18.920000     18230.685547
       18.930000     18230.685547
       18.940000     18230.685547
       18.950000     19021.089844
       18.960000     19021.089844
       18.970000     19030.058594
       18.980000     19563.972656
       18.990000     19563.972656
       19.000000     19563.972656
       19.010000     19988.005859
       19.020000     19997.589844
       19.030000     19997.589844
       19.040000     20297.466797
       19.050000     20297.466797
       19.060000     20297.466797
       19.070000     20605.560547
       19.080000     20605.560547
       19.090000     20605.560547
       19.100000     20330.634766
       19.110000     20330.634766
       19.120000     20333.105469
       19.130000     19291.783203
       19.140000     19291.783203
       19.150000     19291.783203
       19.160000     19581.160156
       19.170000     19578.595703
       19.180000     19578.595703
       19.190000     19530.652344
       19.200000     19530.652344
       19.210000     19530.652344
       19.220000     19822.224609
       19.230000     19822.224609
       19.240000     19822.224609
       19.250000     19718.140625
       19.260000     19718.140625
       19.270000     19716.734375
       19.280000     20012.486328
       19.290000     20012.486328
       19.300000     20012.486328
       19.310000     19850.740234
       19.320000     19850.718750
       19.330000     19850.718750
       19.340000     20148.478516
       19.350000     20148.478516
       19.360000     20148.478516
       19.370000     20046.496094
       19.380000     20046.496094
       19.390000     20046.496094
       19.400000     20346.451172
       19.410000     20346.451172
       19.420000     20347.556641
       19.430000     19848.166016
       19.440000     19848.166016
       19.450000     19848.166016
       19.460000     19907.712891
       19.470000     19906.392578
       19.480000     19906.392578
       19.490000     19966.111328
       19.500000     19966.111328
       19.510000     19966.111328
       19.520000     20025.255859
       19.530000     20025.255859
       19.540000     20025.255859
       19.550000     20085.244141
       19.560000     20085.244141
       19.570000     20084.767578
       19.580000     20144.753906
       19.590000     20144.753906
       19.600000     20144.753906
       19.610000     20204.742188
       19.620000     20204.894531
       19.630000     20204.894531
       19.640000     20264.728516
       19.650000     20264.728516
       19.660000     20264.728516
       19.670000     20324.607422
       19.680000     20324.607422
       19.690000     20324.607422
       19.700000     20384.154297
       19.710000     20384.154297
       19.720000     20384.337891
       19.730000     20444.134766
       19.740000     20444.134766
       19.750000     20444.134766
       19.760000     20503.578125
       19.770000     20503.855469
       19.780000     20503.855469
       19.790000     20563.544922
       19.800000     20563.544922
       19.810000     20563.544922
       19.820000     20623.250000
       19.830000     20623.250000
       19.840000     20623.250000
       19.850000     20682.837891
       19.860000     20682.837891
       19.870000     20682.978516
       19.880000     20742.927734
       19.890000     20742.927734
       19.900000     20742.927734
       19.910000     20802.529297
       19.920000     20802.763672
       19.930000     20802.763672
       19.940000     20862.503906
       19.950000     20862.503906
       19.960000     20862.503906
       19.970000     20922.234375
       19.980000     20922.234375
       19.990000     20922.234375
       20.000000     20981.863281
       20.010000     20981.863281
       20.020000     20981.984375
       20.030000     21041.853516
       20.040000     21041.853516
       20.050000     21041.853516
       20.060000     21101.382812
       20.070000     21101.607422
       20.080000     21101.607422
       20.090000     21161.359375
       20.100000     21161.359375
       20.110000     21161.359375
       20.120000     21221.101562
       20.130000     21221.101562
       20.140000     21221.101562
       20.150000     21280.740234
       20.160000     21280.740234
       20.170000     21280.853516
       20.180000     21340.732422
       20.190000     21340.732422
