0.110024	0
0.121792	0
0.122955	0
0.124117	0
0.125278	1
0.131206	2
0.132371	2
0.133527	2
0.134682	2
0.135837	2
0.13699	2
0.138143	2
0.141781	2
0.142929	2
0.144077	2
0.145223	2
0.146368	2
0.147513	2
0.148655	2
0.149798	3
0.150939	3
0.152079	3
0.153219	3
0.155216	3
0.156361	3
0.157505	2
0.15865	2
0.15979	2
0.160933	2
0.162075	2
0.163212	2
0.164352	1
0.166349	1
0.167493	1
0.168637	1
0.16978	1
0.170921	1
0.172064	1
0.173204	1
0.174341	1
0.175479	1
0.177476	1
0.178618	1
0.179761	1
0.180905	1
0.182045	1
0.183188	1
0.184329	1
0.185466	1
0.186602	1
0.188599	1
0.189741	1
0.190883	1
0.192023	1
0.193163	1
0.194306	1
0.195447	1
0.196585	1
0.19772	1
0.199718	1
0.20086	1
0.202	1
0.20314	1
0.204277	1
0.205421	1
0.206562	1
0.207697	1
0.208833	1
0.21083	1
0.211974	1
0.213112	1
0.214252	1
0.21539	1
0.216531	1
0.217672	1
0.218806	1
0.219941	1
0.221937	1
0.223082	1
0.224218	1
0.225358	1
0.226495	1
0.227636	1
0.228776	1
0.229909	1
0.231043	1
0.233036	1
0.234179	1
0.235314	1
0.236453	1
0.237588	1
0.238727	1
0.239867	1
0.240998	1
0.242131	1
0.24412	1
0.245262	1
0.246395	1
0.247534	1
0.248667	1
0.249805	1
0.250945	1
0.252074	1
0.253206	1
0.255194	1
0.256334	1
0.257467	1
0.258605	1
0.259736	1
0.260874	1
0.262013	1
0.263141	1
0.264273	1
0.266258	1
0.267396	1
0.268529	1
0.269664	1
0.270793	1
0.271929	1
0.273065	1
0.274191	1
0.27532	1
0.2773	1
0.278437	1
0.279566	1
0.280699	1
0.281827	1
0.282958	1
0.284093	1
0.285216	1
0.286345	1
0.288322	1
0.289458	1
0.290587	1
0.291719	1
0.292849	1
0.293981	1
0.295117	1
0.296241	1
0.297371	1
0.299349	1
0.300486	1
0.301617	1
0.30275	1
0.303881	1
0.305012	1
0.30615	1
0.307273	1
0.308403	1
0.310379	1
0.311513	1
0.312643	1
0.313774	1
0.314904	1
0.316033	1
0.31717	1
0.318291	1
0.319422	1
0.321394	1
0.322527	1
0.323655	1
0.324787	1
0.325916	1
0.327044	1
0.32818	1
0.329301	1
0.330431	1
0.332401	1
0.333533	1
0.334659	1
0.335789	1
0.336918	1
0.338043	1
0.33918	1
0.340298	1
0.341428	1
0.343395	1
0.344525	1
0.34565	1
0.346779	1
0.347905	1
0.349028	1
0.350161	1
0.351277	1
0.352405	1
0.354366	1
0.355491	1
0.356614	1
0.35774	1
0.358864	1
0.359983	0
0.361113	0
0.362227	0
0.363351	0
0.365306	0
0.366428	0
0.367545	0
0.368668	0
0.369789	0
0.370905	0
0.372033	0
0.373143	0
0.374267	0
0.376219	0
0.377339	0
0.378455	0
0.379575	0
0.380695	0
0.38181	0
0.382936	0
0.384046	0
0.385169	0
0.387119	0
0.388241	0
0.389357	0
0.390477	0
0.391597	0
0.39271	0
0.393837	0
0.394945	0
0.396068	0
0.398016	0
0.399137	0
0.400253	0
0.401372	0
0.40249	0
0.403602	0
0.404727	0
0.405834	0
0.406955	0
0.408901	0
0.410019	0
0.411134	0
0.412252	0
0.413368	0
0.41448	0
0.415603	0
0.416711	0
0.417831	0
0.419775	0
0.420893	0
0.422006	0
0.423124	0
0.42424	0
0.425352	0
0.426475	0
0.427582	0
0.428703	0
0.430646	0
0.431764	0
0.432877	0
0.433995	0
0.43511	0
0.436222	0
0.437344	0
0.438451	0
0.439571	0
0.441513	0
0.44263	0
0.443741	0
0.44486	0
0.445974	0
0.447085	0
0.448207	0
0.449313	0
0.450433	0
0.452372	0
0.453489	0
0.454599	0
0.455717	0
0.45683	0
0.45794	0
0.45906	0
0.460166	0
0.461286	0
0.463225	0
0.464341	0
0.46545	0
0.466567	0
0.467679	0
0.468787	0
0.469906	0
0.47101	0
0.472129	0
0.474068	0
0.475183	0
0.476291	0
0.477409	0
0.478519	0
0.479628	0
0.480746	0
0.481849	0
0.482967	0
0.484906	0
0.486021	0
0.487128	0
0.488246	0
0.489356	0
0.490464	0
0.491583	0
0.492686	0
0.493804	0
0.495743	0
0.496858	0
0.497964	0
0.499082	0
0.500192	0
0.5013	0
0.502418	0
0.503521	0
0.504639	0
0.506577	0
0.507693	0
0.508798	0
0.509915	0
0.511025	0
0.512133	0
0.51325	0
0.514352	0
0.51547	0
0.517407	0
0.518523	0
0.519627	0
0.520744	0
0.521854	0
0.522961	0
0.524077	0
0.525178	0
0.526295	0
0.52823	0
0.529345	0
0.53045	0
0.531566	0
0.532677	0
0.533784	0
0.534901	0
0.536002	0
0.537119	0
0.539055	0
0.540172	0
0.541276	0
0.542393	0
0.543505	0
0.544612	0
0.54573	0
0.546831	0
0.54795	0
0.549888	0
0.551004	0
0.552109	0
0.553227	0
0.55434	0
0.555447	0
0.556566	0
0.557667	0
0.558788	0
0.560727	0
0.561843	0
0.56295	0
0.564069	0
0.565183	0
0.566291	0
0.567411	0
0.568516	0
0.569637	0
0.57158	0
0.572697	0
0.573805	0
0.574925	0
0.576042	0
0.577152	0
0.578273	0
0.579378	0
0.580504	0
0.582451	0
0.58357	0
0.584679	0
0.585801	0
0.58692	0
0.588032	0
0.589154	0
0.590262	0
0.591388	0
0.593338	0
0.59446	0
0.595571	0
0.596695	0
0.597815	0
0.59893	0
0.600053	0
0.601162	0
0.602289	0
0.604241	0
0.605365	0
0.606479	0
0.607604	0
0.608727	0
0.609843	0
0.610971	0
0.612081	0
0.61321	0
0.615166	0
0.616291	0
0.617407	0
0.618535	0
0.61966	0
0.620778	0
0.621907	0
0.62302	0
0.624152	0
0.626109	0
0.627236	0
0.628353	0
0.629482	0
0.630607	0
0.631726	0
0.632856	0
0.633969	0
0.635101	0
0.637058	0
0.638186	0
0.639304	0
0.640434	0
0.641561	0
0.642681	0
0.643813	0
0.644928	0
0.646061	0
0.648021	0
0.649151	0
0.65027	0
0.651401	0
0.652528	0
0.65365	0
0.654782	0
0.6559	0
0.657034	0
0.658997	0
0.660126	0
0.661246	0
0.662377	0
0.663504	0
0.664625	0
0.665758	0
0.666877	0
0.668014	0
0.66998	0
0.671112	0
0.672234	0
0.673368	0
0.674499	0
0.675622	0
0.676756	0
0.677877	0
0.679019	0
0.680987	0
0.682122	0
0.683247	0
0.684383	0
0.685516	0
0.686641	0
0.687776	0
0.688896	0
0.69004	0
0.692009	1
0.693145	1
0.694269	1
0.695407	1
0.696543	1
0.697669	1
0.698806	1
0.699926	1
0.701072	1
0.703044	1
0.704183	1
0.705308	1
0.706448	1
0.707587	1
0.708715	1
0.709854	1
0.710975	1
0.712122	1
0.714096	1
0.715234	1
0.71636	1
0.7175	1
0.718639	1
0.719766	1
0.720905	1
0.722026	1
0.723173	1
0.725143	1
0.726281	1
0.727407	1
0.728546	1
0.729685	1
0.730812	1
0.73195	1
0.733072	1
0.734218	1
0.736189	1
0.737328	1
0.738453	1
0.739592	1
0.740733	1
0.74186	1
0.742998	1
0.744122	1
0.745269	1
0.747242	1
0.748381	1
0.749508	1
0.750645	1
0.751788	1
0.752913	1
0.754052	1
0.755175	1
0.756322	1
0.758295	1
0.759435	1
0.760561	1
0.761698	1
0.762841	1
0.763968	1
0.765106	1
0.76623	1
0.767376	1
0.76935	1
0.770491	1
0.77162	1
0.772759	1
0.773905	1
0.775033	1
0.776177	1
0.777305	1
0.778451	1
0.780433	1
0.781578	1
0.782711	1
0.783854	1
0.785004	1
0.786138	1
0.787287	1
0.788419	1
0.789572	1
0.791559	1
0.792708	1
0.793845	1
0.794991	1
0.796144	1
0.797286	1
0.798433	1
0.799582	1
0.800734	1
0.802715	1
0.803872	1
0.805031	1
0.806192	1
0.807353	1
0.808515	1
0.809678	1
0.810844	1
0.812009	1
0.813885	1
0.815057	1
0.816231	1
0.817407	1
0.818585	1
0.819766	1
0.820949	1
0.822133	1
0.823322	1
0.82508	1
0.826278	1
0.82748	1
0.828685	1
0.829892	1
0.831104	1
0.832318	1
0.833535	1
0.834751	1
0.836301	1
0.837523	1
0.838746	1
0.83997	1
0.841197	1
0.842426	1
0.843656	1
0.844887	1
0.846118	1
0.847536	1
0.84877	1
0.850007	1
0.851245	1
0.852486	1
0.853728	1
0.854972	1
0.856217	1
0.857464	1
0.858787	1
0.860038	1
0.861292	1
0.862545	1
0.863803	1
0.865061	1
0.86632	1
0.86758	1
0.86884	1
0.870102	1
0.871364	1
0.872624	1
0.873883	1
0.875142	1
0.876401	1
0.877659	1
0.878915	1
0.88017	1
0.881428	1
0.882686	1
0.883943	1
0.885204	1
0.886463	1
0.88772	1
0.888979	1
0.89024	1
0.8915	1
0.892763	1
0.894029	1
0.895298	1
0.896571	1
0.897847	1
0.899127	1
0.900409	1
0.901695	1
0.902984	1
0.904277	1
0.905576	1
0.906883	1
0.908199	1
0.909521	1
0.91085	1
0.912187	1
0.913528	1
0.914875	1
0.916225	1
0.917583	1
0.918946	1
0.920313	1
0.921682	1
0.923052	1
0.924423	1
0.925792	1
0.927159	2
0.928523	2
0.929886	2
0.93125	2
0.932613	2
0.933974	2
0.935333	2
0.936693	2
0.938051	2
0.939405	2
0.94076	2
0.942114	2
0.943469	2
0.944822	2
0.946175	2
0.94753	2
0.948888	2
0.950249	2
0.951612	2
0.952979	2
0.954349	2
0.955726	2
0.957108	2
0.958492	2
0.959884	2
0.961281	2
0.962686	2
0.964093	2
0.965511	2
0.966936	2
0.968369	2
0.969809	2
0.971256	2
0.972708	2
0.974165	2
0.97563	2
0.977098	2
0.978572	2
0.980051	2
0.981532	2
0.983019	3
0.984509	3
0.986002	3
0.987496	3
0.98899	3
0.990482	3
0.991976	3
0.99347	3
0.994962	3
0.996455	3
0.997949	3
0.999443	3
1.00094	3
1.00243	3
1.00393	3
1.00543	3
1.00692	3
1.00842	3
1.00992	3
1.01142	3
1.01292	3
1.01442	3
1.01592	3
1.01742	3
1.01891	3
1.02041	3
1.0219	3
1.02339	3
1.02489	3
1.02638	3
1.02787	3
1.02936	3
1.03085	3
1.03234	3
1.03384	3
1.03532	3
1.03681	3
1.03829	2
1.03977	2
1.04125	2
1.04273	2
1.0442	2
1.04606	2
1.04754	2
1.04901	2
1.05049	2
1.05196	2
1.05344	2
1.05491	2
1.05677	2
1.05825	2
1.05973	2
1.0612	2
1.06268	2
1.06416	2
1.06563	2
1.0675	2
1.06899	2
1.07047	2
1.07195	2
1.07344	2
1.07494	2
1.07644	2
1.07825	2
1.07977	2
1.0813	2
1.08283	2
1.08437	2
1.08591	2
1.08745	2
1.08902	2
1.09056	2
1.0921	2
1.09364	2
1.09518	2
1.09673	2
1.09828	2
1.09983	2
1.10137	2
1.10291	2
1.10445	2
1.106	2
1.10754	2
1.10909	2
1.11063	2
1.11218	2
1.11372	2
1.11526	2
1.11679	2
1.11831	2
1.11985	2
1.12139	2
1.12294	2
1.12447	2
1.126	2
1.12753	2
1.12905	2
1.13058	2
1.13212	2
1.13366	2
1.13519	2
1.13672	2
1.13824	2
1.13976	2
1.14129	2
1.14282	2
1.14436	2
1.1459	2
1.14742	2
1.14895	2
1.15046	2
1.15199	2
1.15352	2
1.15506	2
1.15659	2
1.15812	2
1.15964	2
1.16116	2
1.16268	2
1.16421	2
1.16575	2
1.16727	2
1.16879	2
1.17031	2
1.17182	2
1.17334	2
1.17487	2
1.17641	2
1.17793	2
1.17944	2
1.18096	2
1.18246	2
1.18398	2
1.18551	2
1.18704	2
1.18856	2
1.19008	2
1.19159	2
1.1931	2
1.19461	2
1.19614	2
1.19767	2
1.19919	2
1.2007	2
1.20221	2
1.20371	2
1.20523	2
1.20675	2
1.20828	2
1.20979	2
1.21131	2
1.21281	2
1.21432	2
1.21583	2
1.21735	2
1.21888	2
1.22039	2
1.2219	2
1.2234	2
1.2249	2
1.22641	2
1.22793	2
1.22946	2
1.23097	2
1.23248	2
1.23399	2
1.23548	2
1.23699	2
1.23851	2
1.24004	2
1.24155	2
1.24306	2
1.24456	2
1.24605	2
1.24756	2
1.24908	2
1.25061	2
1.25211	2
1.25362	2
1.25512	2
1.25662	2
1.25813	2
1.25965	2
1.26117	2
1.26268	2
1.26419	2
1.26569	2
1.26719	2
1.2687	2
1.27022	2
1.27175	2
1.27325	2
1.27476	2
1.27626	2
1.27776	2
1.27927	2
1.28079	2
1.28231	2
1.28382	2
1.28533	2
1.28683	2
1.28832	2
1.28983	2
1.29135	2
1.29287	2
1.29438	2
1.29588	2
1.29738	2
1.29888	2
1.30038	2
1.30189	2
1.30342	2
1.30492	2
1.30643	2
1.30793	2
1.30942	2
1.31093	2
1.31244	2
1.31396	2
1.31546	2
1.31697	2
1.31847	2
1.31996	2
1.32147	2
1.32298	2
1.3245	2
1.326	2
1.32751	2
1.329	2
1.3305	2
1.332	2
1.33351	2
1.33504	2
1.33654	2
1.33804	2
1.33954	2
1.34103	2
1.34254	2
1.34405	2
1.34557	2
1.34708	2
1.34858	2
1.35008	2
1.35158	2
1.35308	2
1.35459	2
1.35612	2
1.35762	2
1.35913	2
1.36063	2
1.36212	2
1.36363	2
1.36514	2
1.36667	2
1.36817	2
1.36967	2
1.37117	2
1.37267	2
1.37418	2
1.37568	2
1.37721	2
1.37871	2
1.38022	2
1.38171	2
1.38321	2
1.38472	2
1.38622	2
1.38775	2
1.38925	2
1.39075	2
1.39225	2
1.39374	2
1.39525	2
1.39676	2
1.39828	2
1.39978	2
1.40129	2
1.40278	2
1.40428	2
1.40578	2
1.40729	2
1.40881	2
1.41032	2
1.41182	2
1.41331	2
1.4148	2
1.41631	2
1.41781	2
1.41933	2
1.42083	2
1.42233	2
1.42382	2
1.42531	2
1.42682	2
1.42832	2
1.42984	2
1.43134	2
1.43283	2
1.43432	2
1.43581	2
1.43731	2
1.43881	2
1.44033	2
1.44183	2
1.44332	2
1.44481	2
1.4463	2
1.4478	2
1.4493	2
1.45081	2
1.45231	2
1.45381	2
1.45529	2
1.45678	2
1.45828	2
1.45978	2
1.46129	2
1.46279	2
1.68202	2
1.68353	2
1.68504	2
1.68654	2
1.68804	2
1.68956	2
1.69107	2
1.6926	2
1.69411	2
1.69563	2
1.69712	2
1.69863	2
1.70015	2
1.70166	2
1.70319	2
1.7047	2
1.70622	2
1.70771	2
1.70922	2
1.71073	2
1.71225	2
1.71378	2
1.71529	2
1.71681	2
1.71831	2
1.71981	2
1.72133	2
1.72285	2
1.72438	2
1.7259	2
1.72742	2
1.72892	2
1.73043	2
1.73195	2
1.73347	2
1.73501	2
1.73653	2
1.73805	2
1.73956	2
1.74107	2
1.74259	2
1.74412	2
1.74566	2
1.74718	2
1.7487	2
1.75021	2
1.75172	2
1.75325	2
1.75477	2
1.75632	2
1.75784	2
1.75936	2
1.76086	2
1.76238	2
1.7639	2
1.76543	2
1.76698	2
1.7685	2
1.77002	2
1.77154	2
1.77305	2
1.77458	2
1.77611	2
1.77766	2
1.77918	2
1.78071	2
1.78222	2
1.78374	2
1.78527	2
1.7868	2
1.78834	2
1.78986	2
1.79139	2
1.7929	2
1.79441	2
1.79594	2
1.79747	2
1.79901	2
1.80053	2
1.80206	2
1.80357	2
1.80508	2
1.80661	2
1.80814	2
1.80969	2
1.81121	2
1.81274	2
1.81425	2
1.81577	2
1.8173	2
1.81883	2
1.82038	2
1.8219	2
1.82344	2
1.82495	2
1.82647	2
1.828	2
1.82953	2
1.83109	2
1.83261	2
1.83415	2
1.83566	2
1.83718	2
1.83872	2
1.84025	2
1.84181	2
1.84333	2
1.84487	2
1.84639	2
1.84792	2
1.84946	2
1.851	2
1.85256	2
1.85408	2
1.85562	2
1.85715	2
1.85867	2
1.86022	2
1.86176	2
1.86332	2
1.86486	2
1.86641	2
1.86796	2
1.86951	2
1.87107	2
1.87263	2
1.87419	2
1.87576	2
1.87734	2
1.87893	2
1.88051	2
1.8821	2
1.88369	2
1.88528	2
1.88687	2
1.88847	2
1.89008	2
1.89168	2
1.8933	2
1.89491	2
1.89653	2
1.89814	2
1.89975	2
1.90137	2
1.903	2
1.90462	2
1.90625	2
1.90788	2
1.90951	2
1.91114	2
1.91277	2
1.9144	2
1.91604	3
1.91769	3
1.91934	3
1.92099	3
1.92265	3
1.92432	3
1.92599	3
1.92767	3
1.92936	3
1.93106	3
1.93276	3
1.93447	3
1.93618	3
1.9379	3
1.93962	3
1.94134	3
1.94307	3
1.9448	3
1.94652	3
1.94824	3
1.94995	3
1.95166	3
1.95336	3
1.95506	3
1.95675	3
1.95843	3
1.96011	3
1.96178	3
1.96345	3
1.9651	3
1.96675	3
1.96839	3
1.97003	3
1.97167	3
1.9733	3
1.97493	3
1.97655	3
1.97818	3
1.9798	3
1.98142	3
1.98304	3
1.98466	3
1.98627	3
1.98789	3
1.9895	3
1.9911	3
1.99271	3
1.99431	3
1.9959	2
1.99749	2
1.99907	2
2.00065	2
2.00222	2
2.00379	2
2.00535	2
2.00691	2
2.00847	2
2.01004	2
2.01161	2
2.01319	2
2.01477	2
2.01637	2
2.01797	2
2.01958	2
2.0212	2
2.02283	2
2.02447	2
2.02612	2
2.02778	2
2.02946	2
2.03115	2
2.03286	2
2.03457	2
2.03629	3
2.03803	3
2.03978	3
2.04155	3
2.04333	3
2.04513	3
2.04694	3
2.04875	3
2.05058	3
2.05241	3
2.05424	3
2.05608	3
2.05791	3
2.05974	3
2.06157	4
2.06338	4
2.0652	4
2.06701	4
2.06883	4
2.07064	4
2.07247	4
2.0743	4
2.07613	4
2.07798	4
2.07984	4
2.08171	4
2.08359	4
2.08548	4
2.08737	3
2.08927	3
2.09115	3
2.09302	3
2.09488	3
2.09673	3
2.09855	3
2.10036	3
2.10216	3
2.10394	3
2.10576	3
2.1076	3
2.10942	3
2.11123	3
2.11303	3
2.11481	2
2.11663	2
2.11848	2
2.1203	2
2.12211	2
2.1239	2
2.12568	2
2.12751	2
2.12935	2
2.13117	2
2.13298	2
2.13477	2
2.13656	2
2.13838	2
2.14022	2
2.14204	2
2.14385	2
2.14565	2
2.14743	2
2.14926	2
2.1511	2
2.15293	2
2.15474	2
2.15654	2
2.15833	2
2.16016	2
2.162	2
2.16383	2
2.16565	2
2.16746	2
2.16928	2
2.17109	2
2.1729	2
2.17472	2
2.17654	2
2.17835	2
2.18016	2
2.18197	2
2.18378	2
2.18559	2
2.1874	2
2.18922	2
2.19103	2
2.19283	2
2.19465	2
2.19647	2
2.19829	2
2.20011	2
2.20192	2
2.20373	2
2.20555	2
2.20737	2
2.20919	2
2.21101	2
2.21283	2
2.21465	2
2.21646	2
2.21827	2
2.22009	2
2.22191	2
2.22373	2
2.22554	2
2.22735	2
2.22917	2
2.23099	2
2.23281	2
2.23464	2
2.23646	2
2.2383	2
2.24015	2
2.24201	2
2.24388	2
2.24576	2
2.24764	2
2.24952	2
2.25139	2
2.25326	2
2.25512	2
2.25697	2
2.25881	2
2.26064	2
2.26246	2
2.26428	2
2.26608	2
2.26788	2
2.26971	2
2.27154	2
2.27336	2
2.27517	2
2.27698	2
2.27878	2
2.28062	2
2.28244	2
2.28427	2
2.28609	2
2.28791	2
2.28973	2
2.29155	2
2.29336	2
2.29517	2
2.29699	2
2.29881	2
2.30062	2
2.30244	2
2.30425	2
2.30606	2
2.30788	2
2.30969	2
2.31151	2
2.31333	2
2.31515	2
2.31697	2
2.31879	2
2.32062	2
2.32246	2
2.32431	2
2.32617	2
2.32803	2
2.3299	2
2.33176	2
2.33362	2
2.33546	2
2.3373	2
2.33913	2
2.34096	2
2.34277	2
2.34458	2
2.34639	2
2.3482	2
2.35003	2
2.35186	2
2.35368	2
2.3555	2
2.35732	2
2.35916	2
2.36101	2
2.36287	2
2.36475	2
2.36663	2
2.36852	2
2.37042	2
2.37231	2
2.37421	2
2.3761	3
2.37799	3
2.37987	3
2.38175	3
2.38363	3
2.38552	3
2.3874	3
2.3893	3
2.3912	3
2.39313	3
2.39507	3
2.39703	3
2.39901	3
2.40102	3
2.40303	3
2.40505	3
2.40709	3
2.40913	3
2.41117	3
2.4132	3
2.41523	3
2.41724	3
2.41925	3
2.42124	3
2.42321	3
2.42519	3
2.42715	3
2.42911	3
2.43106	3
2.43301	3
2.43495	3
2.4369	3
2.43884	3
2.44078	3
2.44272	3
2.44466	3
2.4466	3
2.44852	3
2.45045	3
2.45237	3
2.45428	3
2.45618	3
2.45807	3
2.45995	3
2.46182	3
2.46368	3
2.46554	3
2.46738	3
2.46923	3
2.47106	3
2.4729	3
2.47473	3
2.47656	3
2.4784	3
2.48024	3
2.48208	3
2.48392	2
2.48577	2
2.48763	2
2.48949	2
2.49134	2
2.4932	2
2.49506	2
2.49692	2
2.49878	2
2.50064	2
2.5025	2
2.50436	2
2.50622	2
2.50807	2
2.50993	2
2.5118	2
2.51368	2
2.51556	2
2.51745	2
2.51934	2
2.52124	2
2.52315	3
2.52506	3
2.52697	3
2.52888	3
2.53079	3
2.5327	3
2.53459	3
2.53648	3
2.53836	3
2.54023	3
2.5421	3
2.54395	3
2.54581	3
2.54766	3
2.54952	3
2.55138	3
2.55325	3
2.55514	3
2.55705	3
2.55897	3
2.5609	3
2.56285	3
2.56482	3
2.56681	3
2.56881	3
2.57082	3
2.57284	3
2.57485	3
2.57686	3
2.57887	3
2.58087	3
2.58287	3
2.58487	3
2.58686	3
2.58886	3
2.59086	3
2.59286	3
2.59488	3
2.59692	3
2.59897	3
2.60105	4
2.60313	4
2.60522	4
2.60731	4
2.6094	4
2.61149	4
2.61357	4
2.61564	4
2.6177	4
2.61974	4
2.62178	4
2.6238	4
2.62582	4
2.62783	4
2.62983	4
2.63182	4
2.63381	4
2.6358	4
2.63778	4
2.63976	4
2.64173	4
2.64369	4
2.64565	4
2.64761	4
2.64955	4
2.6515	4
2.65344	4
2.65538	4
2.65733	4
2.65928	4
2.66123	4
2.6632	4
2.66516	4
2.66714	4
2.66912	4
2.6711	4
2.6731	4
2.6751	4
2.6771	4
2.6791	4
2.6811	4
2.68309	4
2.68506	4
2.68704	4
2.68901	4
2.69097	3
2.69293	3
2.69489	3
2.69684	3
2.69878	3
2.70073	3
2.70267	3
2.70461	3
2.70655	3
2.70848	3
2.71042	3
2.71235	3
2.71428	3
2.71619	3
2.7181	3
2.72	3
2.72191	3
2.72381	3
2.72572	3
2.72762	3
2.72952	3
2.73142	3
2.73331	3
2.73519	3
2.73707	3
2.73894	3
2.74081	3
2.74266	3
2.74451	3
2.74635	3
2.74818	3
2.75001	3
2.75183	3
2.75365	3
2.75547	3
2.75729	3
2.75912	3
2.76095	2
2.76278	2
2.76461	2
2.76645	2
2.76829	2
2.77014	2
2.77198	2
2.77383	2
2.77569	2
2.77754	2
2.7794	2
2.78126	2
2.78313	2
2.78499	2
2.78686	2
2.78872	2
2.79059	2
2.79246	2
2.79432	2
2.79619	2
2.79805	3
2.79991	3
2.80176	3
2.80361	3
2.80546	3
2.8073	3
2.80914	3
2.81098	2
2.81281	2
2.81464	2
2.81647	2
2.81829	2
2.82011	2
2.82192	2
2.82374	2
2.82556	2
2.82737	2
2.82919	2
2.83101	2
2.83283	2
2.83464	2
2.83646	2
2.83827	2
2.84009	2
2.84191	2
2.84372	2
2.84554	2
2.84736	2
2.84917	2
2.85098	2
2.8528	2
2.85462	2
2.85643	2
2.85825	2
2.86007	2
2.86188	2
2.8637	2
2.86552	2
2.86733	2
2.86915	2
2.87097	2
2.87279	2
2.87461	2
2.87642	2
2.87824	2
2.88006	2
2.88187	2
2.88369	2
2.88551	2
2.88733	2
2.88915	2
2.89097	2
2.89279	2
2.89461	2
2.89644	2
2.89827	2
2.9001	2
2.90193	2
2.90376	2
2.90558	2
2.90741	2
2.90922	2
2.91104	2
2.91285	2
2.91466	2
2.91649	2
2.91831	2
2.92012	2
2.92194	2
2.92375	2
2.92556	2
2.92739	2
2.92921	2
2.93103	2
2.93285	2
2.93467	2
2.93648	2
2.9383	2
2.94013	2
2.94195	2
2.94376	2
2.94558	2
2.94739	2
2.94921	2
2.95103	2
2.95285	2
2.95466	2
2.95648	2
2.95829	2
2.9601	2
2.96192	2
2.96374	2
2.96556	2
2.96738	2
2.96919	2
2.97101	2
2.97283	2
2.97466	2
2.9765	2
2.97834	2
2.9802	2
2.98205	2
2.98392	2
2.98579	2
2.98766	2
2.98953	2
2.99141	2
2.99328	2
2.99515	2
2.99701	3
2.99888	3
3.00074	3
3.00261	3
3.00448	3
3.00635	3
3.00822	3
3.01011	3
3.012	3
3.0139	3
3.0158	3
3.01771	3
3.01961	3
3.02152	3
3.02343	3
3.02535	3
3.02726	3
3.02917	3
3.03107	3
3.03297	3
3.03487	3
3.03676	3
3.03866	3
3.04055	3
3.04244	3
3.04434	3
3.04623	3
3.04813	3
3.05003	3
3.05194	3
3.05387	3
3.0558	3
3.05773	3
3.05967	3
3.06162	3
3.06358	3
3.06553	3
3.06749	3
3.06945	3
3.0714	3
3.07333	3
3.07525	3
3.07715	3
3.07904	3
3.08092	3
3.08278	3
3.08464	3
3.08648	3
3.08831	3
3.09014	3
3.09196	3
3.09379	3
3.09562	3
3.09746	3
3.09929	3
3.10113	3
3.10297	2
3.10481	2
3.10666	2
3.10851	2
3.11035	2
3.1122	2
3.11404	2
3.11589	2
3.11774	2
3.11959	2
3.12143	2
3.12328	2
3.12513	2
3.12697	2
3.12882	2
3.13067	2
3.13252	2
3.13437	2
3.13621	2
3.13806	2
3.1399	2
3.14174	2
3.14359	2
3.14543	2
3.14727	2
3.1491	2
3.15094	2
3.15277	2
3.15461	2
3.15644	2
3.15827	2
3.1601	2
3.16193	2
3.16375	2
3.16557	2
3.16739	2
3.16921	2
3.17104	2
3.17286	2
3.17468	2
3.17651	2
3.17833	2
3.18015	2
3.18198	2
3.1838	2
3.18562	2
3.18745	2
3.18927	2
3.19109	2
3.1929	2
3.19472	2
3.19654	2
3.19835	2
3.20017	2
3.20199	2
3.20381	2
3.20562	2
3.20744	2
3.20925	2
3.21108	2
3.21289	2
3.2147	2
3.21652	2
3.21833	2
3.22014	2
3.22197	2
3.22378	2
3.22559	2
3.22741	2
3.22922	2
3.23103	2
3.23286	2
3.23467	2
3.23648	2
3.2383	2
3.24011	2
3.24192	2
3.24375	2
3.24556	2
3.24738	2
3.24919	2
3.251	2
3.25281	2
3.25463	2
3.25644	2
3.25825	2
3.26006	2
3.26187	2
3.26367	2
3.26549	2
3.26729	2
3.2691	2
3.27091	2
3.27271	2
3.27452	2
3.27633	2
3.27814	2
3.27994	2
3.28175	2
3.28356	2
3.28536	2
3.28718	2
3.28899	2
3.2908	2
3.29261	2
3.29442	2
3.29623	2
3.29805	2
3.29986	2
3.30168	2
3.30349	2
3.3053	2
3.30711	2
3.30894	2
3.31075	2
3.31257	2
3.31438	2
3.3162	2
3.31801	2
3.31983	2
3.32165	2
3.32346	2
3.32527	2
3.32709	2
3.3289	2
3.33073	2
3.33254	2
3.33435	2
3.33616	2
3.33799	2
3.3398	2
3.34162	2
3.34343	2
3.34525	2
3.34705	2
3.34888	2
3.35069	2
3.35251	2
3.35432	2
3.35613	2
3.35794	2
3.35976	2
3.36157	2
3.36339	2
3.3652	2
3.36701	2
3.36881	2
3.37064	2
3.37244	2
3.37426	2
3.37607	2
3.37789	2
3.3797	2
3.38152	2
3.38333	2
3.38515	2
3.38696	2
3.38878	2
3.39059	2
3.39242	2
3.39422	2
3.39605	2
3.39786	2
3.39968	2
3.40149	2
3.40332	2
3.40513	2
3.40696	2
3.40877	2
3.4106	2
3.41243	2
3.41427	2
3.41613	2
3.418	2
3.41987	2
3.42176	2
3.42365	2
3.42556	2
3.42748	2
3.4294	2
3.43133	2
3.43327	3
3.4352	3
3.43715	3
3.43909	3
3.44104	3
3.44299	3
3.44495	3
3.44691	3
3.44888	3
3.45086	3
3.45284	3
3.45484	3
3.45684	3
3.45886	3
3.46088	3
3.46292	3
3.46496	3
3.46702	3
3.46909	3
3.47116	4
3.47323	4
3.47531	4
3.47738	4
3.47945	4
3.48152	4
3.48359	4
3.48566	4
3.48773	4
3.4898	4
3.49187	4
3.49395	4
3.49604	4
3.49815	4
3.50026	4
3.50238	4
3.50452	4
3.50666	4
3.50881	4
3.51097	4
3.51313	4
3.5153	4
3.51746	4
3.51962	4
3.52178	4
3.52395	4
3.5261	4
3.52824	4
3.53038	4
3.5325	4
3.53461	4
3.53669	4
3.53876	4
3.54082	3
3.54286	3
3.54489	3
3.54691	3
3.5489	3
3.55088	2
3.55283	2
3.55479	2
3.55681	2
3.5588	2
3.56078	2
3.56273	2
3.56467	2
3.56662	2
3.56862	2
3.57061	2
3.57258	2
3.57453	2
3.57646	2
3.57841	2
3.5804	2
3.58239	2
3.58436	2
3.5863	2
3.58823	2
3.59018	2
3.59216	2
3.59414	2
3.59609	2
3.59803	2
3.59994	1
3.60187	1
3.60384	1
3.60579	1
3.60772	1
3.60963	1
3.61152	1
3.61343	1
3.61539	1
3.61733	1
3.61925	1
3.62115	1
3.62304	1
3.62495	1
3.62691	1
3.62886	1
3.63078	1
3.63268	1
3.63457	1
3.63648	1
3.63844	1
3.64038	1
3.64231	1
3.6442	1
3.64609	1
3.648	1
3.64995	1
3.65189	1
3.6538	1
3.65568	1
3.65756	1
3.65946	1
3.6614	1
3.66333	1
3.66523	1
3.6671	1
3.66895	1
3.67084	1
3.67277	1
3.6747	1
3.67659	1
3.67846	1
3.68031	1
3.6822	1
3.68413	1
3.68605	1
3.68795	1
3.68982	1
3.69167	1
3.69355	1
3.69549	1
3.69741	1
3.69931	1
3.70118	1
3.70302	1
3.7049	1
3.70683	1
3.70875	1
3.71064	1
3.7125	1
3.71433	1
3.7162	1
3.71812	1
3.72002	1
3.7219	1
3.72376	1
3.72558	1
3.72743	1
3.72934	1
3.73124	1
3.73311	1
3.73496	1
3.73678	1
3.73862	1
3.74053	1
3.74241	1
3.74428	1
3.74612	1
3.74793	1
3.74978	1
3.75167	1
3.75355	1
3.75541	1
3.75725	1
3.75905	1
3.76089	1
3.76278	1
3.76465	1
3.76651	1
3.76833	1
3.77014	1
3.77197	1
3.77386	1
3.77573	1
3.77758	1
3.7794	1
3.78121	1
3.78303	1
3.78492	1
3.78679	1
3.78865	1
3.79047	1
3.79227	1
3.7941	1
3.79598	1
3.79785	1
3.7997	1
3.80152	1
3.80332	1
3.80515	1
3.80703	1
3.8089	1
3.81075	1
3.81256	1
3.81436	1
3.81619	1
3.81807	1
3.81994	1
3.82179	1
3.82361	1
3.82541	1
3.82723	1
3.82911	1
3.83098	1
3.83283	1
3.83464	1
3.83644	1
3.83826	1
3.84014	1
3.84201	1
3.84385	1
3.84567	1
3.84746	1
3.84928	1
3.85116	1
3.85303	1
3.85487	1
3.85668	1
3.85848	1
3.8603	1
3.86217	1
3.86404	1
3.86589	1
3.86771	1
3.8695	1
3.87132	1
3.8732	1
3.87507	1
3.87692	1
3.87873	1
3.88052	1
3.88235	1
3.88422	1
3.88609	1
3.88794	1
3.88976	1
3.89155	1
3.89338	1
3.89525	1
3.89713	1
3.89898	1
3.9008	1
3.90259	1
3.90442	1
3.9063	1
3.90817	1
3.91003	1
3.91185	1
3.91364	1
3.91547	1
3.91735	1
3.91922	1
3.92108	1
3.9229	1
3.9247	1
3.92653	1
3.92841	1
3.93028	1
3.93213	1
3.93395	1
3.93575	1
3.93758	1
3.93946	1
3.94133	1
3.94318	1
3.945	1
3.9468	1
3.94862	1
3.9505	1
3.95236	1
3.95421	1
3.95603	1
3.95782	1
3.95964	1
3.96152	1
3.96338	1
3.96523	1
3.96704	1
3.96884	1
3.97066	1
3.97253	1
3.97439	1
3.97624	1
3.97805	1
3.97984	1
3.98166	1
3.98353	1
3.98539	1
3.98723	1
3.98903	1
3.99082	1
3.99263	1
3.9945	1
3.99636	1
3.99819	1
4	0
4.00178	0
4.00359	0
4.00545	0
4.00731	0
4.00914	0
4.01094	0
4.01272	0
4.01406	1
4.01592	1
4.01777	1
4.0196	1
4.0214	1
4.02318	1
4.02452	1
4.02638	1
4.02823	1
4.03006	2
4.03186	2
4.03363	2
4.03497	1
4.03683	1
4.03868	1
4.0405	1
4.0423	1
4.04408	2
4.04541	2
4.04727	2
4.04912	2
4.05094	2
4.05274	2
4.05451	2
4.05585	2
4.0577	2
4.05955	2
4.06137	2
4.06317	2
4.06493	2
4.06627	2
4.06812	2
4.06997	2
4.07178	2
4.07358	2
4.07535	2
4.07668	2
4.07853	2
4.08037	2
4.08219	2
4.08398	2
4.08575	2
4.08708	2
4.08893	2
4.09077	2
4.09259	2
4.09438	2
4.09615	2
4.09748	2
4.09933	2
4.10117	2
4.10298	2
4.10478	2
4.10654	2
4.10787	2
4.10972	2
4.11156	2
4.11338	2
4.11517	2
4.11693	2
4.11826	2
4.12011	2
4.12195	2
4.12377	2
4.12556	2
4.12732	2
4.12865	2
4.1305	2
4.13234	2
4.13416	2
4.13595	2
4.13771	2
4.13905	2
4.14089	2
4.14274	2
4.14456	2
4.14635	2
4.14812	2
4.14945	2
4.1513	2
4.15315	2
4.15497	2
4.15676	2
4.15853	2
4.15986	2
4.16172	2
4.16356	2
4.16538	2
4.16718	2
4.16895	2
4.17028	2
4.17213	2
4.17398	2
4.1758	2
4.17759	2
4.17936	2
4.18069	2
4.18254	2
4.18439	2
4.18621	2
4.188	2
4.18977	2
4.1911	2
4.19295	2
4.1948	2
4.19662	2
4.19841	2
4.20019	2
4.20152	2
4.20337	2
4.20522	2
4.20705	2
4.20884	2
4.21062	2
4.21195	2
4.21381	2
4.21566	2
4.21749	2
4.21929	2
4.22106	2
4.2224	2
4.22425	2
4.2261	2
4.22793	2
4.22973	2
4.2315	2
4.23284	2
4.23469	2
4.23655	2
4.23837	2
4.24017	2
4.24195	2
4.24328	2
4.24514	2
4.24699	2
4.24881	2
4.25061	2
4.25239	2
4.25373	2
4.25559	2
4.25744	2
4.25927	2
4.26107	2
4.26285	2
4.26419	2
4.26606	2
4.26791	2
4.26975	2
4.27155	2
4.27334	2
4.27468	2
4.27654	2
4.2784	2
4.28024	2
4.28205	2
4.28383	2
4.28518	2
4.28705	2
4.28891	2
4.29074	2
4.29255	2
4.29434	2
4.29568	2
4.29755	2
4.29941	2
4.30125	2
4.30307	2
4.30486	2
4.3062	2
4.30807	2
4.30994	2
4.31178	2
4.3136	2
4.31539	2
4.31674	2
4.31862	2
4.32048	2
4.32233	2
4.32415	2
4.32595	2
4.3273	2
4.32918	2
4.33105	2
4.3329	2
4.33473	2
4.33653	2
4.33788	2
4.33978	2
4.34165	2
4.34351	2
4.34534	2
4.34714	2
4.3485	2
4.35039	2
4.35227	2
4.35413	2
4.35597	2
4.35777	2
4.35913	2
4.36103	2
4.36291	2
4.36477	2
4.36661	2
4.36841	2
4.36977	2
4.37166	2
4.37353	2
4.37538	2
4.37721	2
4.37901	2
4.38036	2
4.38224	2
4.38411	2
4.38596	2
4.38778	2
4.38957	2
4.39092	2
4.3928	2
4.39466	2
4.39651	2
4.39833	2
4.40012	2
4.40146	2
4.40335	2
4.40521	2
4.40705	2
4.40887	2
4.41066	2
4.41201	2
4.41389	2
4.41576	2
4.4176	2
4.41942	2
4.42122	2
4.42257	2
4.42445	2
4.42632	2
4.42816	2
4.42998	2
4.43178	2
4.43313	2
4.43501	2
4.43688	2
4.43873	2
4.44055	2
4.44234	2
4.44369	2
4.44558	2
4.44745	2
4.4493	2
4.45112	2
4.45292	2
4.45427	2
4.45616	2
4.45803	2
4.45988	2
4.4617	2
4.4635	2
4.46485	2
4.46674	2
4.46861	2
4.47045	2
4.47228	2
4.47407	2
4.47542	2
4.47731	2
4.47917	2
4.48102	2
4.48283	2
4.48462	2
4.48597	2
4.48785	2
4.48971	2
4.49156	2
4.49337	2
4.49516	2
4.49651	2
4.49839	2
4.50025	2
4.50209	2
4.5039	2
4.50569	2
4.50704	2
4.50892	2
4.51078	2
4.51262	2
4.51444	2
4.51623	2
4.51757	2
4.51945	2
4.52131	2
4.52315	2
4.52497	2
4.52676	2
4.5281	2
4.52998	2
4.53184	2
4.53369	2
4.5355	2
4.53729	2
4.53864	2
4.54052	2
4.54238	2
4.54422	2
4.54604	2
4.54783	2
4.54918	2
4.55106	2
4.55292	2
4.55477	2
4.55658	2
4.55838	2
4.55972	2
4.56161	2
4.56346	2
4.56531	2
4.56712	2
4.56892	2
4.57026	2
4.57215	2
4.574	2
4.57585	2
4.57766	2
4.57946	2
4.5808	2
4.58269	2
4.58455	2
4.5864	2
4.58821	2
4.59001	2
4.59135	2
4.59324	2
4.5951	2
4.59695	2
4.59877	2
4.60057	2
4.60191	2
4.6038	2
4.60567	2
4.60752	2
4.60933	2
4.61114	2
4.61248	2
4.61437	2
4.61623	2
4.61808	2
4.6199	2
4.6217	2
4.62305	2
4.62494	2
4.6268	2
4.62865	2
4.63047	2
4.63227	2
4.63362	2
4.63551	2
4.63737	2
4.63922	2
4.64104	2
4.64284	2
4.64419	2
4.64608	2
4.64794	2
4.64979	2
4.65162	2
4.65342	2
4.65476	2
4.65666	2
4.65852	2
4.66038	2
4.6622	2
4.66401	2
4.66535	2
4.66725	2
4.66912	2
4.67097	2
4.6728	2
4.67461	2
4.67596	2
4.67785	2
4.67972	2
4.68158	2
4.68341	2
4.68522	2
4.68657	2
4.68847	2
4.69034	2
4.6922	2
4.69402	2
4.69583	2
4.69718	2
4.69908	2
4.70095	2
4.7028	2
4.70463	2
4.70644	2
4.70779	2
4.70968	2
4.71155	2
4.7134	2
4.71523	2
4.71703	2
4.71838	2
4.72028	2
4.72214	2
4.724	2
4.72582	2
4.72763	2
4.72898	2
4.73087	2
4.73274	2
4.7346	2
4.73642	2
4.73823	2
4.73958	2
4.74148	2
4.74335	2
4.7452	2
4.74703	2
4.74884	2
4.75019	2
4.75209	2
4.75396	2
4.75581	2
4.75765	2
4.75946	2
4.76081	2
4.76271	2
4.76458	2
4.76644	2
4.76827	2
4.77008	2
4.77144	2
4.77334	2
4.77521	2
4.77707	2
4.77891	2
4.78073	2
4.78208	2
4.78398	2
4.78586	2
4.78772	2
4.78956	2
4.79138	2
4.79273	2
4.79464	2
4.79651	2
4.79837	2
4.80021	2
4.80203	2
4.80338	2
4.80528	2
4.80716	2
4.80902	2
4.81085	2
4.81267	2
4.81402	2
4.81592	2
4.8178	2
4.81965	2
4.82149	2
4.8233	2
4.82466	2
4.82656	2
4.82844	2
4.83029	2
4.83213	2
4.83394	2
4.83529	2
4.8372	2
4.83908	2
4.84093	2
4.84276	2
4.84457	2
4.84593	2
4.84783	2
4.8497	2
4.85155	2
4.85338	2
4.85519	2
4.85654	2
4.85843	2
4.8603	2
4.86215	2
4.86398	2
4.86578	2
4.86712	2
4.86901	2
4.87087	2
4.87272	2
4.87454	2
4.87633	2
4.87768	2
4.87956	2
4.88142	2
4.88326	2
4.88508	2
4.88687	2
4.88821	2
4.89009	2
4.89196	2
4.89379	2
4.89561	2
4.8974	2
4.89874	2
4.90062	2
4.90248	2
4.90431	2
4.90613	2
4.90792	2
4.90925	2
4.91113	2
4.91299	2
4.91482	2
4.91663	2
4.91842	2
4.91975	2
4.92162	2
4.92348	2
4.92531	2
4.92712	2
4.92891	2
4.93024	2
4.93212	2
4.93397	2
4.9358	2
4.93761	2
4.9394	2
4.94073	2
4.9426	2
4.94446	2
4.94628	2
4.94809	2
4.94988	2
4.95121	2
4.95308	2
4.95494	2
4.95676	2
4.95857	2
4.96035	2
4.96169	2
4.96356	2
4.96541	2
4.96724	2
4.96905	2
4.97085	2
4.97218	2
4.97406	2
4.97592	2
4.97775	2
4.97957	2
4.98137	2
4.98271	2
4.98459	2
4.98646	2
4.98829	2
4.99011	2
4.99191	2
4.99325	2
4.99514	2
4.997	2
4.99884	2
5.00066	2
5.00246	2
5.00381	2
5.00569	2
5.00756	2
5.0094	2
5.01122	2
5.01302	2
5.01436	2
5.01624	2
5.01811	2
5.01994	2
5.02177	2
5.02356	2
5.0249	2
5.02678	2
5.02864	2
5.03048	2
5.0323	2
5.03409	2
5.03543	2
5.03731	2
5.03917	2
5.04101	2
5.04283	2
5.04462	2
5.04596	2
5.04784	2
5.0497	2
5.05154	2
5.05336	2
5.05515	2
5.05649	2
5.05837	2
5.06023	2
5.06207	2
5.06389	2
5.06568	2
5.06702	2
5.0689	2
5.07076	2
5.07261	2
5.07443	2
5.07622	2
5.07756	2
5.07944	2
5.0813	2
5.08315	2
5.08497	2
5.08677	2
5.08811	2
5.08999	2
5.09185	2
5.0937	2
5.09552	2
5.09732	2
5.09866	2
5.10054	2
5.1024	2
5.10425	2
5.10607	2
5.10786	2
5.1092	2
5.11108	2
5.11294	2
5.11478	2
5.1166	2
5.1184	2
5.11973	2
5.12161	2
5.12347	2
5.12531	2
5.12713	2
5.12892	2
5.13026	2
5.13213	2
5.13399	2
5.13583	2
5.13764	2
5.13943	2
5.14077	2
5.14264	2
5.1445	2
5.14633	2
5.14814	2
5.14993	2
5.15127	2
5.15314	2
5.15499	2
5.15683	2
5.15864	2
5.16043	2
5.16176	2
5.16363	2
5.16549	2
5.16732	2
5.16913	2
5.17092	2
5.17226	2
5.17413	2
5.17598	2
5.17782	2
5.17963	2
5.18142	2
5.18275	2
5.18463	2
5.18648	2
5.18832	2
5.19013	2
5.19192	2
5.19325	2
5.19512	2
5.19698	2
5.19881	2
5.20062	2
5.20242	2
5.20375	2
5.20562	2
5.20748	2
5.20931	2
5.21112	2
5.21291	2
5.21424	2
5.21612	2
5.21797	2
5.2198	2
5.22161	2
5.22341	2
5.22474	2
5.22661	2
5.22847	2
5.2303	2
5.23211	2
5.2339	2
5.23523	2
5.2371	2
5.23896	2
5.24079	2
5.2426	2
5.24439	2
5.24572	2
5.24759	2
5.24944	2
5.25127	2
5.25308	2
5.25487	2
5.2562	2
5.25807	2
5.25992	2
5.26175	2
5.26356	2
5.26535	2
5.26668	2
5.26855	2
5.27041	2
5.27224	2
5.27405	2
5.27584	2
5.27717	2
5.27904	2
5.2809	2
5.28273	2
5.28454	2
5.28633	2
5.28766	2
5.28953	2
5.29138	2
5.29322	2
5.29503	2
5.29682	2
5.29815	2
5.30002	2
5.30188	2
5.30371	2
5.30553	2
5.30732	2
5.30865	2
5.31053	2
5.31239	2
5.31422	2
5.31604	2
5.31784	2
5.31917	2
5.32104	2
5.3229	2
5.32474	2
5.32656	2
5.32835	2
5.32968	2
5.33156	2
5.33341	2
5.33525	2
5.33706	2
5.33885	2
5.34018	2
5.34205	2
5.34391	2
5.34574	2
5.34755	2
5.34934	2
5.35066	2
5.35253	2
5.35438	2
5.35621	2
5.35802	2
5.35981	2
5.36113	2
5.363	2
5.36485	2
5.36667	2
5.36848	2
5.37027	2
5.37159	2
5.37345	2
5.3753	2
5.37713	2
5.37893	2
5.38072	2
5.38204	2
5.3839	2
5.38575	2
5.38758	2
5.38938	2
5.39116	2
5.39248	2
5.39435	2
5.39619	2
5.39802	2
5.39982	2
5.4016	2
5.40292	2
5.40479	2
5.40663	2
5.40846	2
5.41026	2
5.41204	2
5.41336	2
5.41522	2
5.41707	2
5.41889	2
5.4207	2
5.42248	2
5.4238	2
5.42566	2
5.42751	2
5.42933	2
5.43114	2
5.43292	2
5.43424	2
5.4361	2
5.43795	2
5.43977	2
5.44158	2
5.44336	2
5.44468	2
5.44655	2
5.44839	2
5.45022	2
5.45202	2
5.45381	2
5.45513	2
5.457	2
5.45885	2
5.46068	2
5.46248	2
5.46427	2
5.4656	2
5.46747	2
5.46932	2
5.47115	2
5.47296	2
5.47475	2
5.47608	2
5.47795	2
5.47981	2
5.48164	2
5.48345	2
5.48525	2
5.48657	2
5.48845	2
5.4903	2
5.49214	2
5.49395	2
5.49574	2
5.49707	2
5.49894	2
5.5008	2
5.50263	2
5.50445	2
5.50624	2
5.50757	2
5.50945	2
5.5113	2
5.51314	2
5.51495	2
5.51675	2
5.51808	2
5.51995	2
5.52181	2
5.52365	2
5.52546	2
5.52725	2
5.52858	2
5.53045	2
5.53231	2
5.53415	2
5.53596	2
5.53775	2
5.53908	2
5.54095	2
5.5428	2
5.54464	2
5.54645	2
5.54824	2
5.54957	2
5.55144	2
5.55329	2
5.55512	2
5.55694	2
5.55872	2
5.56005	2
5.56192	2
5.56377	2
5.56561	2
5.56742	2
5.5692	2
5.57053	2
5.5724	2
5.57425	2
5.57608	2
5.57789	2
5.57968	2
5.581	2
5.58287	2
5.58472	2
5.58655	2
5.58836	2
5.59015	2
5.59147	2
5.59334	2
5.59519	2
5.59702	2
5.59883	2
5.60061	2
5.60194	2
5.60381	2
5.60565	2
5.60748	2
5.60929	2
5.61107	2
5.61239	2
5.61426	2
5.6161	2
5.61793	2
5.61973	2
5.62151	2
5.62284	2
5.6247	2
5.62655	2
5.62837	2
5.63018	2
5.63196	2
5.63328	2
5.63515	2
5.63699	2
5.63882	2
5.64063	2
5.64241	2
5.64373	2
5.6456	2
5.64744	2
5.64926	2
5.65107	2
5.65285	2
5.65417	2
5.65604	2
5.65788	2
5.6597	2
5.66151	2
5.66329	2
5.66461	2
5.66648	2
5.66832	2
5.67014	2
5.67195	2
5.67373	2
5.67505	2
5.67692	2
5.67876	2
5.68058	2
5.68239	2
5.68417	2
5.68549	2
5.68736	2
5.68921	2
5.69103	2
5.69284	2
5.69462	2
5.69594	2
5.69781	2
5.69966	2
5.70148	2
5.70329	2
5.70508	2
5.7064	2
5.70827	2
5.71012	2
5.71195	2
5.71376	2
5.71554	2
5.71687	2
5.71874	2
5.72059	2
5.72242	2
5.72423	2
5.72602	2
5.72734	2
5.72922	2
5.73107	2
5.7329	2
5.73471	2
5.73651	2
5.73783	2
5.73971	2
5.74157	2
5.7434	2
5.74522	2
5.74701	2
5.74835	2
5.75023	2
5.75208	2
5.75392	2
5.75574	2
5.75754	2
5.75888	2
5.76076	2
5.76262	2
5.76446	2
5.76628	2
5.76809	2
5.76942	2
5.7713	2
5.77316	2
5.775	2
5.77683	2
5.77863	2
5.77997	2
5.78185	2
5.78372	2
5.78556	2
5.78738	2
5.78919	2
5.79052	2
5.79241	2
5.79428	2
5.79612	2
5.79795	2
5.79975	2
5.80109	2
5.80298	2
5.80485	2
5.80669	2
5.80852	2
5.81033	2
5.81166	2
5.81355	2
5.81542	2
5.81727	2
5.81909	2
5.82091	2
5.82225	2
5.82414	2
5.82601	2
5.82786	2
5.82969	2
5.8315	2
5.83284	2
5.83474	2
5.83662	2
5.83847	2
5.8403	2
5.84212	2
5.84346	2
5.84537	2
5.84725	2
5.8491	2
5.85094	2
5.85277	2
5.85411	2
5.85602	2
5.8579	2
5.85976	2
5.8616	2
5.86343	2
5.86477	2
5.86668	2
5.86856	2
5.87042	2
5.87226	2
5.87409	2
5.87543	2
5.87734	2
5.87923	2
5.88109	2
5.88293	2
5.88476	2
5.8861	2
5.88801	2
5.8899	2
5.89176	2
5.89361	2
5.89544	2
5.8968	2
5.8987	2
5.90059	2
5.90245	2
5.9043	2
5.90613	2
5.9075	2
5.90938	2
5.91127	2
5.91314	2
5.91499	2
5.91682	2
5.9182	2
5.92008	2
5.92197	2
5.92383	2
5.92568	2
5.92752	2
5.92892	2
5.93078	2
5.93268	2
5.93455	2
5.9364	2
5.93824	2
5.9397	2
5.94152	2
5.94342	2
5.9453	2
5.94716	2
5.94901	2
5.95056	2
5.9523	2
5.95421	2
5.9561	2
5.95797	2
5.95982	2
5.96146	2
5.96313	2
5.96504	2
5.96693	2
5.9688	2
5.97066	2
5.97235	2
5.97404	2
5.97589	2
5.97779	2
5.97967	2
5.98153	2
5.98328	2
5.98505	2
5.98682	2
5.98868	2
5.99057	2
5.99244	2
5.99425	2
5.99609	2
5.99793	2
5.99977	2
6.00163	2
6.00352	2
6.00541	2
6.00732	2
6.00924	2
6.01118	3
6.01312	3
6.01508	3
6.01705	3
6.01902	3
6.021	3
6.02299	3
6.02498	3
6.02696	3
6.02896	3
6.03096	3
6.03296	3
6.03498	3
6.037	3
6.03902	3
6.04104	3
6.04307	3
6.04511	3
6.04715	4
6.0492	4
6.05124	4
6.05329	4
6.05534	4
6.05739	4
6.05945	4
6.0615	4
6.06357	4
6.06564	4
6.06772	4
6.0698	4
6.07189	4
6.07399	4
6.07609	4
6.07819	4
6.0803	4
6.08242	4
6.08453	4
6.08666	4
6.08878	4
6.09092	4
6.09307	4
6.09523	4
6.09742	4
6.09962	4
6.10183	4
6.10406	4
6.10631	5
6.10858	5
6.11088	5
6.11319	5
6.11552	5
6.11788	4
6.12026	4
6.12265	4
6.12506	4
6.1275	4
6.12997	4
6.13249	4
6.13503	4
6.13762	4
6.14026	4
6.14291	4
6.14559	4
6.14825	5
6.15088	5
6.15345	5
6.15594	5
6.15836	5
6.1607	5
6.16297	5
6.16518	5
6.16733	4
6.16943	4
6.17148	4
6.17348	4
6.17615	4
6.17827	4
6.18036	4
6.18239	3
6.18438	3
6.18702	3
6.18913	3
6.19121	3
6.19323	3
6.19521	3
6.19784	3
6.19994	3
6.202	3
6.20401	3
6.20598	2
6.2086	2
6.2107	2
6.21276	2
6.21477	2
6.21674	2
6.21935	2
6.22145	2
6.22351	2
6.22552	2
6.22749	2
6.23011	3
6.23221	3
6.23427	3
6.23628	3
6.23825	3
6.24087	3
6.24297	2
6.24503	2
6.24705	2
6.24901	2
6.25163	2
6.25373	2
6.25579	2
6.2578	2
6.25977	2
6.26239	2
6.26448	2
6.26654	2
6.26855	2
6.27052	2
6.27313	3
6.27522	3
6.27728	3
6.27929	3
6.28125	3
6.28385	3
6.28595	2
6.288	2
6.29001	2
6.29196	2
6.29456	2
6.29665	2
6.2987	2
6.3007	2
6.30265	2
6.30524	2
6.30732	2
6.30936	2
6.31135	2
6.3133	2
6.31589	2
6.31796	2
6.31999	2
6.32199	2
6.32393	2
6.32651	2
6.32859	2
6.33062	2
6.33261	2
6.33455	2
6.33713	2
6.3392	2
6.34123	2
6.34321	2
6.34515	2
6.34772	2
6.34979	2
6.35181	2
6.35379	2
6.35573	2
6.3583	2
6.36036	2
6.36238	2
6.36436	2
6.36629	2
6.36886	2
6.37092	2
6.37294	2
6.37491	2
6.37684	2
6.37941	2
6.38146	2
6.38348	2
6.38546	2
6.38738	2
6.38994	2
6.392	2
6.39401	2
6.39599	2
6.39791	2
6.40047	2
6.40252	2
6.40454	2
6.40651	2
6.40844	2
6.411	2
6.41305	2
6.41507	2
6.41704	2
6.41897	2
6.42153	2
6.42358	2
6.4256	2
6.42757	2
6.4295	2
6.43205	2
6.43411	2
6.43612	2
6.4381	2
6.44002	2
6.44258	2
6.44463	2
6.44665	2
6.44862	2
6.45055	2
6.45311	2
6.45516	2
6.45718	2
6.45915	2
6.46108	2
6.46364	2
6.46569	2
6.4677	2
6.46968	2
6.47161	2
6.47416	2
6.47622	2
6.47823	2
6.4802	2
6.48213	2
6.48469	2
6.48674	2
6.48876	2
6.49073	2
6.49266	2
6.49522	2
6.49727	2
6.49929	2
6.50126	2
6.50319	2
6.50574	2
6.5078	2
6.50981	2
6.51179	2
6.51371	2
6.51627	2
6.51832	2
6.52034	2
6.52231	2
6.52424	2
6.5268	2
6.52885	2
6.53087	2
6.53284	2
6.53477	2
6.53733	2
6.53938	2
6.5414	2
6.54337	2
6.5453	2
6.54785	2
6.54991	2
6.55192	2
6.5539	2
6.55582	2
6.55838	2
6.56043	2
6.56245	2
6.56442	2
6.56635	2
6.56891	2
6.57096	2
6.57298	2
6.57495	2
6.57688	2
6.57943	2
6.58148	2
6.5835	2
6.58547	2
6.5874	2
6.58996	2
6.59201	2
6.59403	2
6.596	2
6.59793	2
6.60048	2
6.60254	2
6.60455	2
6.60652	2
6.60845	2
6.61101	2
6.61306	2
6.61507	2
6.61704	2
6.61897	2
6.62152	2
6.62357	2
6.62558	2
6.62755	2
6.62948	2
6.63203	2
6.63408	2
6.63609	2
6.63805	2
6.63998	2
6.64252	2
6.64457	2
6.64658	2
6.64855	2
6.65047	2
6.65301	2
6.65505	2
6.65706	2
6.65902	2
6.66094	2
6.66347	2
6.66551	2
6.66751	2
6.66947	2
6.67138	2
6.67392	2
6.67595	2
6.67795	2
6.6799	2
6.68181	2
6.68434	2
6.68637	2
6.68837	2
6.69032	2
6.69223	2
6.69476	2
6.6968	2
6.69879	2
6.70074	2
6.70265	2
6.70518	2
6.70721	2
6.7092	2
6.71116	2
6.71306	2
6.71559	2
6.71762	2
6.71961	2
6.72156	2
6.72346	2
6.72598	2
6.72801	2
6.73	2
6.73195	2
6.73385	2
6.73637	2
6.7384	2
6.74039	2
6.74233	2
6.74424	2
6.74676	2
6.74879	2
6.75078	2
6.75273	2
6.75463	2
6.75716	2
6.75919	2
6.76119	2
6.76314	2
6.76505	2
6.76758	2
6.76962	2
6.77162	2
6.77358	2
6.77549	2
6.77803	2
6.78007	2
6.78207	2
6.78404	2
6.78596	2
6.7885	2
6.79055	2
6.79256	2
6.79453	2
6.79645	2
6.79901	2
6.80106	2
6.80307	2
6.80505	2
6.80698	2
6.80954	2
6.81159	2
6.81361	2
6.81559	2
6.81752	2
6.82008	2
6.82214	2
6.82416	2
6.82613	2
6.82806	2
6.83063	2
6.83269	2
6.8347	2
6.83668	2
6.83861	2
6.84117	2
6.84323	2
6.84525	2
6.84722	2
6.84915	2
6.85171	2
6.85377	2
6.85579	2
6.85777	2
6.85969	2
6.86226	2
6.86432	2
6.86634	2
6.86832	2
6.87024	2
6.87281	2
6.87487	2
6.87689	2
6.87887	2
6.8808	2
6.88337	2
6.88544	2
6.88746	2
6.88944	2
6.89137	2
6.89394	2
6.89601	2
6.89804	2
6.90002	2
6.90196	2
6.90454	2
6.90661	2
6.90864	2
6.91063	2
6.91257	2
6.91516	2
6.91724	2
6.91927	2
6.92126	2
6.92321	2
6.92579	2
6.92787	2
6.9299	2
6.93189	2
6.93384	2
6.93642	2
6.9385	2
6.94054	2
6.94253	2
6.94448	2
6.94707	2
6.94916	2
6.9512	2
6.95319	2
6.95514	2
6.95774	2
6.95982	2
6.96186	2
6.96387	2
6.96581	2
6.96841	2
6.97049	2
6.97254	2
6.97454	2
6.97648	2
6.97908	2
6.98117	2
6.98321	2
6.98521	2
6.98716	2
6.98976	2
6.99185	2
6.99389	2
6.99589	2
6.99784	2
7.00044	2
7.00252	2
7.00456	2
7.00656	2
7.0085	2
7.01109	2
7.01316	2
7.01519	2
7.01718	2
7.01912	2
7.0217	2
7.02377	2
7.02579	2
7.02777	2
7.0297	2
7.03227	2
7.03433	2
7.03635	2
7.03832	2
7.04024	2
7.04281	2
7.04487	2
7.04688	2
7.04885	2
7.05077	2
7.05333	2
7.05538	2
7.05739	2
7.05936	2
7.06128	2
7.06384	2
7.06589	2
7.06789	2
7.06986	2
7.07177	2
7.07432	2
7.07637	2
7.07837	2
7.08033	2
7.08224	2
7.08479	2
7.08684	2
7.08884	2
7.0908	2
7.09271	2
7.09526	2
7.0973	2
7.0993	2
7.10126	2
7.10316	2
7.10571	2
7.10775	2
7.10974	2
7.1117	2
7.11361	2
7.11615	2
7.11819	2
7.12018	2
7.12214	2
7.12404	2
7.12658	2
7.12862	2
7.13061	2
7.13257	2
7.13447	2
7.13702	2
7.13905	2
7.14105	2
7.143	2
7.1449	2
7.14744	2
7.14948	2
7.15147	2
7.15343	2
7.15533	2
7.15787	2
7.1599	2
7.1619	2
7.16385	2
7.16575	2
7.16829	2
7.17033	2
7.17232	2
7.17427	2
7.17617	2
7.17871	2
7.18074	2
7.18273	2
7.18469	2
7.18659	2
7.18913	2
7.19116	2
7.19315	2
7.1951	2
7.197	2
7.19954	2
7.20157	2
7.20356	2
7.20551	2
7.20741	2
7.20994	2
7.21197	2
7.21396	2
7.21591	2
7.21781	2
7.22034	2
7.22237	2
7.22436	2
7.22632	2
7.22822	2
7.23075	2
7.23278	2
7.23477	2
7.23673	2
7.23863	2
7.24116	2
7.2432	2
7.24519	2
7.24714	2
7.24904	2
7.25158	2
7.25361	2
7.25561	2
7.25756	2
7.25947	2
7.26201	2
7.26405	2
7.26604	2
7.268	2
7.26991	2
7.27246	2
7.2745	2
7.2765	2
7.27846	2
7.28037	2
7.28292	2
7.28496	2
7.28696	2
7.28892	2
7.29083	2
7.29338	2
7.29542	2
7.29742	2
7.29938	2
7.30129	2
7.30384	2
7.30588	2
7.30787	2
7.30984	2
7.31174	2
7.31429	2
7.31633	2
7.31833	2
7.32029	2
7.3222	2
7.32475	2
7.3268	2
7.3288	2
7.33076	2
7.33267	2
7.33522	2
7.33727	2
7.33927	2
7.34123	2
7.34314	2
7.34569	2
7.34774	2
7.34974	2
7.3517	2
7.35361	2
7.35616	2
7.3582	2
7.3602	2
7.36217	2
7.36408	2
7.36663	2
7.36867	2
7.37068	2
7.37264	2
7.37455	2
7.3771	2
7.37915	2
7.38115	2
7.38312	2
7.38502	2
7.38757	2
7.38962	2
7.39162	2
7.39358	2
7.39549	2
7.39804	2
7.40008	2
7.40208	2
7.40405	2
7.40596	2
7.40851	2
7.41055	2
7.41255	2
7.41452	2
7.41643	2
7.41898	2
7.42102	2
7.42302	2
7.42499	2
7.42689	2
7.42945	2
7.43149	2
7.43349	2
7.43545	2
7.43736	2
7.43991	2
7.44195	2
7.44395	2
7.44592	2
7.44783	2
7.45038	2
7.45242	2
7.45443	2
7.45639	2
7.4583	2
7.46086	2
7.4629	2
7.4649	2
7.46687	2
7.46878	2
7.47133	2
7.47337	2
7.47538	2
7.47734	2
7.47925	2
7.48181	2
7.48385	2
7.48585	2
7.48782	2
7.48973	2
7.49228	2
7.49432	2
7.49633	2
7.49829	2
7.5002	2
7.50275	2
7.5048	2
7.5068	2
7.50876	2
7.51067	2
7.51322	2
7.51526	2
7.51726	2
7.51923	2
7.52113	2
7.52369	2
7.52573	2
7.52773	2
7.52969	2
7.5316	2
7.53415	2
7.5362	2
7.5382	2
7.54016	2
7.54207	2
7.54462	2
7.54666	2
7.54866	2
7.55063	2
7.55253	2
7.55509	2
7.55713	2
7.55913	2
7.56109	2
7.563	2
7.56555	2
7.56759	2
7.56959	2
7.57156	2
7.57346	2
7.57601	2
7.57805	2
7.58006	2
7.58202	2
7.58393	2
7.58648	2
7.58852	2
7.59052	2
7.59248	2
7.59439	2
7.59694	2
7.59897	2
7.60098	2
7.60294	2
7.60484	2
7.6074	2
7.60944	2
7.61144	2
7.6134	2
7.61531	2
7.61787	2
7.61991	2
7.62192	2
7.62389	2
7.6258	2
7.62837	2
7.63042	2
7.63243	2
7.6344	2
7.63632	2
7.63888	2
7.64094	2
7.64295	2
7.64493	2
7.64685	2
7.64942	2
7.65147	2
7.65349	2
7.65547	2
7.65739	2
7.65996	2
7.66201	2
7.66404	2
7.66602	2
7.66794	2
7.67052	2
7.67258	2
7.6746	2
7.67659	2
7.67851	2
7.68109	2
7.68315	2
7.68518	2
7.68716	2
7.68909	2
7.69167	2
7.69374	2
7.69576	2
7.69775	2
7.69968	2
7.70226	2
7.70433	2
7.70636	2
7.70835	2
7.71028	2
7.71286	2
7.71493	2
7.71696	2
7.71895	2
7.72089	2
7.72347	2
7.72554	2
7.72757	2
7.72956	2
7.73149	2
7.73408	2
7.73614	2
7.73817	2
7.74016	2
7.74209	2
7.74467	2
7.74674	2
7.74877	2
7.75076	2
7.75269	2
7.75527	2
7.75734	2
7.75937	2
7.76136	2
7.76328	2
7.76587	2
7.76793	2
7.76996	2
7.77194	2
7.77387	2
7.77645	2
7.77851	2
7.78054	2
7.78252	2
7.78445	2
7.78704	2
7.7891	2
7.79113	2
7.79311	2
7.79504	2
7.79762	2
7.79968	2
7.80171	2
7.8037	2
7.80563	2
7.80821	2
7.81028	2
7.81231	2
7.81429	2
7.81622	2
7.81881	2
7.82087	2
7.8229	2
7.82488	2
7.82681	2
7.8294	2
7.83146	2
7.83348	2
7.83546	2
7.83739	2
7.83998	2
7.84204	2
7.84406	2
7.84604	2
7.84797	2
7.85055	2
7.85261	2
7.85464	2
7.85662	2
7.85854	2
7.86113	2
7.86319	2
7.86521	2
7.86718	2
7.86911	2
7.87169	2
7.87375	2
7.87576	2
7.87774	2
7.87966	2
7.88225	2
7.8843	2
7.88632	2
7.88829	2
7.89021	2
7.89279	2
7.89484	2
7.89686	2
7.89883	2
7.90075	2
7.90332	2
7.90538	2
7.90739	2
7.90936	2
7.91128	2
7.91385	2
7.91591	2
7.91792	2
7.91989	2
7.9218	2
7.92437	2
7.92642	2
7.92844	2
7.9304	2
7.93232	2
7.93489	2
7.93694	2
7.93895	2
7.94092	2
7.94284	2
7.94541	2
7.94747	2
7.94948	2
7.95145	2
7.95337	2
7.95594	2
7.958	2
7.96001	2
7.96198	2
7.9639	2
7.96647	2
7.96853	2
7.97054	2
7.97251	2
7.97443	2
7.97701	2
7.97906	2
7.98108	2
7.98305	2
7.98497	2
7.98755	2
7.98961	2
7.99162	2
7.9936	2
7.99552	2
7.9981	2
8.00016	2
8.00218	2
8.00415	2
8.00607	2
8.00865	2
8.01071	2
8.01273	2
8.0147	2
8.01662	2
8.0192	2
8.02126	2
8.02328	2
8.02526	2
8.02718	2
8.02976	2
8.03182	2
8.03385	2
8.03582	2
8.03775	2
8.04033	2
8.0424	2
8.04442	2
8.0464	2
8.04832	2
8.05091	2
8.05297	2
8.05499	2
8.05697	2
8.0589	2
8.06149	2
8.06355	2
8.06558	2
8.06756	2
8.06948	2
8.07207	2
8.07414	2
8.07616	2
8.07815	2
8.08007	2
8.08267	2
8.08473	2
8.08676	2
8.08874	2
8.09067	2
8.09326	2
8.09533	2
8.09736	2
8.09934	2
8.10127	2
8.10387	2
8.10594	2
8.10797	2
8.10996	2
8.11189	2
8.11448	2
8.11655	2
8.11859	2
8.12058	2
8.12251	2
8.12511	2
8.12718	2
8.12922	2
8.1312	2
8.13314	2
8.13574	2
8.13781	2
8.13985	2
8.14184	2
8.14378	2
8.14638	2
8.14846	2
8.1505	2
8.15249	2
8.15443	2
8.15703	2
8.15911	2
8.16115	2
8.16315	2
8.16509	2
8.1677	2
8.16978	2
8.17182	2
8.17382	2
8.17577	2
8.17838	2
8.18046	2
8.18251	2
8.18451	2
8.18646	2
8.18908	2
8.19117	2
8.19323	2
8.19523	2
8.19719	2
8.19981	2
8.20191	2
8.20396	2
8.20598	2
8.20793	2
8.21056	2
8.21266	2
8.21472	2
8.21673	2
8.21869	2
8.22132	2
8.22342	2
8.22548	2
8.2275	2
8.22946	2
8.23209	3
8.2342	3
8.23626	3
8.23828	3
8.24024	3
8.24288	3
8.24499	2
8.24705	2
8.24908	2
8.25104	2
8.25368	2
8.2558	2
8.25786	2
8.25989	2
8.26186	2
8.2645	2
8.26662	2
8.26869	2
8.27072	2
8.27269	2
8.27534	3
8.27745	3
8.27953	3
8.28157	3
8.28354	3
8.28619	3
8.28831	3
8.29039	3
8.29243	3
8.29441	3
8.29706	3
8.29919	3
8.30127	3
8.30331	3
8.30529	3
8.30795	3
8.31008	3
8.31216	3
8.31421	3
8.31619	3
8.31885	3
8.32098	3
8.32306	3
8.32511	3
8.32709	3
8.32975	3
8.33188	3
8.33397	3
8.33601	3
8.338	3
8.34066	3
8.3428	3
8.34488	3
8.34693	3
8.34891	2
8.35156	2
8.35368	2
8.35575	2
8.35779	2
8.35976	2
8.3624	3
8.36452	3
8.36658	3
8.36861	3
8.37057	3
8.37321	3
8.37531	3
8.37737	3
8.37939	3
8.38134	3
8.38397	3
8.38606	3
8.38811	3
8.39012	3
8.39206	3
8.39468	3
8.39676	3
8.3988	2
8.4008	2
8.40274	2
8.40534	2
8.40742	2
8.40945	2
8.41144	2
8.41337	2
8.41596	2
8.41803	2
8.42005	2
8.42204	2
8.42396	2
8.42654	2
8.42861	2
8.43063	2
8.43261	2
8.43453	2
8.43711	2
8.43917	2
8.44119	2
8.44316	2
8.44508	2
8.44766	2
8.44971	2
8.45173	2
8.4537	2
8.45562	2
8.45819	2
8.46024	2
8.46226	2
8.46423	2
8.46614	2
8.46872	2
8.47077	2
8.47278	2
8.47475	2
8.47667	2
8.47924	2
8.48129	2
8.48331	2
8.48528	2
8.48719	2
8.48977	2
8.49182	2
8.49384	2
8.49582	2
8.49773	2
8.50031	2
8.50237	2
8.50438	2
8.50636	2
8.50828	2
8.51086	2
8.51292	2
8.51494	2
8.51692	2
8.51884	2
8.52143	2
8.52349	2
8.52552	2
8.5275	2
8.52942	2
8.53201	2
8.53407	2
8.5361	2
8.53808	2
8.54	2
8.54259	2
8.54465	2
8.54668	2
8.54867	2
8.55059	2
8.55318	2
8.55525	2
8.55728	2
8.55926	2
8.56119	2
8.56378	2
8.56585	2
8.56788	2
8.56987	2
8.5718	2
8.5744	2
8.57647	2
8.5785	2
8.58049	2
8.58242	2
8.58502	2
8.58709	2
8.58912	2
8.59112	2
8.59305	2
8.59565	2
8.59773	2
8.59976	2
8.60176	2
8.6037	2
8.6063	2
8.60838	2
8.61041	2
8.61241	2
8.61436	2
8.61696	2
8.61904	2
8.62108	2
8.62308	2
8.62502	2
8.62763	2
8.62972	2
8.63176	2
8.63376	2
8.6357	2
8.63831	2
8.6404	2
8.64244	2
8.64444	2
8.64638	2
8.64898	2
8.65107	2
8.6531	2
8.6551	2
8.65703	2
8.65963	2
8.66171	2
8.66374	2
8.66574	2
8.66767	2
8.67027	2
8.67235	2
8.67438	2
8.67637	2
8.6783	2
8.6809	2
8.68297	2
8.685	2
8.68699	2
8.68892	2
8.69151	2
8.69359	2
8.69561	2
8.69761	2
8.69953	2
8.70213	2
8.7042	2
8.70623	2
8.70822	2
8.71015	2
8.71274	2
8.71481	2
8.71683	2
8.71881	2
8.72074	2
8.72332	2
8.72539	2
8.72741	2
8.72939	2
8.73132	2
8.7339	2
8.73597	2
8.73798	2
8.73997	2
8.74189	2
8.74447	2
8.74654	2
8.74855	2
8.75053	2
8.75245	2
8.75503	2
8.7571	2
8.75911	2
8.76109	2
8.76301	2
8.76558	2
8.76764	2
8.76966	2
8.77163	2
8.77355	2
8.77613	2
8.77818	2
8.7802	2
8.78217	2
8.78408	2
8.78665	2
8.78871	2
8.79072	2
8.79269	2
8.7946	2
8.79716	2
8.79921	2
8.80122	2
8.80319	2
8.8051	2
8.80766	2
8.8097	2
8.81171	2
8.81367	2
8.81558	2
8.81814	2
8.82018	2
8.82218	2
8.82414	2
8.82605	2
8.8286	2
8.83064	2
8.83264	2
8.8346	2
8.8365	2
8.83905	2
8.84109	2
8.84308	2
8.84504	2
8.84694	2
8.84949	2
8.85152	2
8.85352	2
8.85547	2
8.85737	2
8.85991	2
8.86195	2
8.86394	2
8.86589	2
8.86779	2
8.87033	2
8.87236	2
8.87435	2
8.8763	2
8.87819	2
8.88073	2
8.88276	2
8.88475	2
8.8867	2
8.88859	2
8.89113	2
8.89316	2
8.89515	2
8.8971	2
8.89899	2
8.90152	2
8.90355	2
8.90554	2
8.90748	2
8.90938	2
8.91191	2
8.91394	2
8.91593	2
8.91787	2
8.91977	2
8.9223	2
8.92433	2
8.92632	2
8.92827	2
8.93016	2
8.93269	2
8.93472	2
8.93671	2
8.93865	2
8.94054	2
8.94308	2
8.94511	2
8.94709	2
8.94904	2
8.95093	2
8.95347	2
8.9555	2
8.95749	2
8.95944	2
8.96133	2
8.96387	2
8.9659	2
8.96789	2
8.96984	2
8.97173	2
8.97427	2
8.97631	2
8.9783	2
8.98025	2
8.98215	2
8.98469	2
8.98672	2
8.98872	2
8.99067	2
8.99257	2
8.99512	2
8.99716	2
8.99916	2
9.00111	2
9.00302	2
9.00557	2
9.00761	2
9.00961	2
9.01157	2
9.01348	2
9.01604	2
9.01808	2
9.02009	2
9.02205	2
9.02396	2
9.02653	2
9.02858	2
9.03059	2
9.03256	2
9.03447	2
9.03704	2
9.03909	2
9.04111	2
9.04308	2
9.045	2
9.04757	2
9.04963	2
9.05165	2
9.05362	2
9.05554	2
9.05812	2
9.06019	2
9.06221	2
9.06419	2
9.06611	2
9.06869	2
9.07075	2
9.07277	2
9.07475	2
9.07668	2
9.07926	2
9.08132	2
9.08335	2
9.08533	2
9.08725	2
9.08984	2
9.0919	2
9.09393	2
9.09591	2
9.09783	2
9.10042	2
9.10248	2
9.10451	2
9.10648	2
9.10841	2
9.11099	2
9.11305	2
9.11508	2
9.11705	2
9.11898	2
9.12156	2
9.12362	2
9.12564	2
9.12762	2
9.12954	2
9.13212	2
9.13418	2
9.1362	2
9.13818	2
9.1401	2
9.14267	2
9.14473	2
9.14675	2
9.14872	2
9.15064	2
9.15321	2
9.15527	2
9.15728	2
9.15926	2
9.16117	2
9.16374	2
9.16579	2
9.1678	2
9.16977	2
9.17168	2
9.17425	2
9.1763	2
9.1783	2
9.18027	2
9.18218	2
9.18474	2
9.18679	2
9.1888	2
9.19076	2
9.19266	2
9.19522	2
9.19727	2
9.19927	2
9.20124	2
9.20314	2
9.20569	2
9.20773	2
9.20974	2
9.21169	2
9.21359	2
9.21615	2
9.21819	2
9.22019	2
9.22214	2
9.22404	2
9.22659	2
9.22863	2
9.23063	2
9.23259	2
9.23449	2
9.23704	2
9.23908	2
9.24108	2
9.24303	2
9.24493	2
9.24748	2
9.24952	2
9.25152	2
9.25348	2
9.25537	2
9.25793	2
9.25997	2
9.26197	2
9.26392	2
9.26582	2
9.26838	2
9.27041	2
9.27241	2
9.27437	2
9.27627	2
9.27882	2
9.28086	2
9.28286	2
9.28482	2
9.28671	2
9.28926	2
9.2913	2
9.2933	2
9.29526	2
9.29715	2
9.2997	2
9.30174	2
9.30374	2
9.30569	2
9.30759	2
9.31014	2
9.31218	2
9.31418	2
9.31613	2
9.31803	2
9.32058	2
9.32262	2
9.32462	2
9.32657	2
9.32847	2
9.33102	2
9.33306	2
9.33506	2
9.33702	2
9.33891	2
9.34146	2
9.3435	2
9.3455	2
9.34745	2
9.34935	2
9.3519	2
9.35393	2
9.35593	2
9.35788	2
9.35978	2
9.36233	2
9.36437	2
9.36636	2
9.36832	2
9.37021	2
9.37276	2
9.3748	2
9.37679	2
9.37875	2
9.38065	2
9.3832	2
9.38523	2
9.38723	2
9.38919	2
9.39109	2
9.39364	2
9.39568	2
9.39768	2
9.39964	2
9.40154	2
9.40409	2
9.40613	2
9.40813	2
9.41009	2
9.41199	2
9.41455	2
9.4166	2
9.4186	2
9.42056	2
9.42246	2
9.42502	2
9.42707	2
9.42907	2
9.43104	2
9.43294	2
9.43551	2
9.43756	2
9.43956	2
9.44153	2
9.44343	2
9.446	2
9.44805	2
9.45005	2
9.45202	2
9.45393	2
9.4565	2
9.45855	2
9.46056	2
9.46253	2
9.46444	2
9.46701	2
9.46906	2
9.47108	2
9.47305	2
9.47496	2
9.47753	2
9.47959	2
9.4816	2
9.48357	2
9.48549	2
9.48806	2
9.49012	2
9.49214	2
9.49411	2
9.49602	2
9.4986	2
9.50066	2
9.50268	2
9.50465	2
9.50657	2
9.50915	2
9.5112	2
9.51322	2
9.5152	2
9.51711	2
9.51969	2
9.52175	2
9.52376	2
9.52574	2
9.52766	2
9.53024	2
9.53229	2
9.53431	2
9.53629	2
9.53821	2
9.54079	2
9.54285	2
9.54487	2
9.54685	2
9.54877	2
9.55135	2
9.55341	2
9.55543	2
9.55741	2
9.55933	2
9.56192	2
9.56398	2
9.56601	2
9.56799	2
9.56991	2
9.5725	2
9.57456	2
9.57659	2
9.57857	2
9.58049	2
9.58308	2
9.58514	2
9.58717	2
9.58915	2
9.59107	2
9.59366	2
9.59572	2
9.59775	2
9.59973	2
9.60165	2
9.60424	2
9.6063	2
9.60833	2
9.61031	2
9.61223	2
9.61482	2
9.61689	2
9.61891	2
9.62089	2
9.62281	2
9.6254	2
9.62746	2
9.62949	2
9.63147	2
9.63339	2
9.63597	2
9.63804	2
9.64006	2
9.64204	2
9.64396	2
9.64654	2
9.6486	2
9.65062	2
9.6526	2
9.65452	2
9.6571	2
9.65916	2
9.66118	2
9.66316	2
9.66508	2
9.66766	2
9.66972	2
9.67174	2
9.67371	2
9.67563	2
9.67821	2
9.68027	2
9.68228	2
9.68426	2
9.68617	2
9.68874	2
9.6908	2
9.69281	2
9.69479	2
9.6967	2
9.69927	2
9.70133	2
9.70334	2
9.70532	2
9.70723	2
9.70981	2
9.71186	2
9.71388	2
9.71585	2
9.71776	2
9.72034	2
9.72239	2
9.72441	2
9.72638	2
9.72829	2
9.73087	2
9.73292	2
9.73493	2
9.73691	2
9.73882	2
9.74139	2
9.74345	2
9.74546	2
9.74743	2
9.74935	2
9.75192	2
9.75398	2
9.75599	2
9.75796	2
9.75988	2
9.76246	2
9.76451	2
9.76653	2
9.7685	2
9.77041	2
9.77299	2
9.77504	2
9.77706	2
9.77903	2
9.78094	2
9.78352	2
9.78558	2
9.78759	2
9.78957	2
9.79148	2
9.79406	2
9.79612	2
9.79813	2
9.80011	2
9.80202	2
9.80461	2
9.80666	2
9.80868	2
9.81065	2
9.81257	2
9.81515	2
9.81721	2
9.81923	2
9.8212	2
9.82312	2
9.8257	2
9.82775	2
9.82977	2
9.83175	2
9.83366	2
9.83624	2
9.8383	2
9.84032	2
9.84229	2
9.84421	2
9.84679	2
9.84885	2
9.85086	2
9.85284	2
9.85475	2
9.85734	2
9.85939	2
9.86141	2
9.86338	2
9.8653	2
9.86788	2
9.86994	2
9.87196	2
9.87393	2
9.87585	2
9.87843	2
9.88048	2
9.8825	2
9.88448	2
9.88639	2
9.88897	2
9.89103	2
9.89305	2
9.89502	2
9.89694	2
9.89952	2
9.90158	2
9.90359	2
9.90557	2
9.90748	2
9.91007	2
9.91212	2
9.91414	2
9.91611	2
9.91803	2
9.92061	2
9.92267	2
9.92469	2
9.92666	2
9.92858	2
9.93116	2
9.93321	2
9.93523	2
9.93721	2
9.93912	2
9.9417	2
9.94376	2
9.94578	2
9.94775	2
9.94967	2
9.95225	2
9.95431	2
9.95633	2
9.9583	2
9.96021	2
9.9628	2
9.96485	2
9.96687	2
9.96884	2
9.97076	2
9.97334	2
9.9754	2
9.97742	2
9.97939	2
9.98131	2
9.98389	2
9.98594	2
9.98796	2
9.98994	2
9.99185	2
9.99443	2
9.99649	2
9.99851	2
10.0005	2
10.0024	2
10.005	2
10.007	2
10.0091	2
10.011	2
10.0129	2
10.0155	2
10.0176	2
10.0196	2
10.0216	2
10.0235	2
10.0261	2
10.0281	2
10.0301	2
10.0321	2
10.034	2
10.0366	2
10.0387	2
10.0407	2
10.0427	2
10.0446	2
10.0472	2
10.0492	2
10.0512	2
10.0532	2
10.0551	2
10.0577	2
10.0598	2
10.0618	2
10.0638	2
10.0657	2
10.0683	2
10.0703	2
10.0723	2
10.0743	2
10.0762	2
10.0788	2
10.0809	2
10.0829	2
10.0849	2
10.0868	2
10.0893	2
10.0914	2
10.0934	2
10.0954	2
10.0973	2
10.0999	2
10.1019	2
10.104	2
10.1059	2
10.1079	2
10.1104	2
10.1125	2
10.1145	2
10.1165	2
10.1184	2
10.121	2
10.123	2
10.1251	2
10.127	2
10.129	2
10.1315	2
10.1336	2
10.1356	2
10.1376	2
10.1395	2
10.1421	2
10.1441	2
10.1462	2
10.1481	2
10.15	2
10.1526	2
10.1547	2
10.1567	2
10.1587	2
10.1606	2
10.1632	2
10.1652	2
10.1672	2
10.1692	2
10.1711	2
10.1737	2
10.1758	2
10.1778	2
10.1798	2
10.1817	2
10.1843	2
10.1863	2
10.1883	2
10.1903	2
10.1922	2
10.1948	2
10.1969	2
10.1989	2
10.2009	2
10.2028	2
10.2054	2
10.2074	2
10.2094	2
10.2114	2
10.2133	2
10.2159	2
10.218	2
10.22	2
10.2219	2
10.2239	2
10.2264	2
10.2285	2
10.2305	2
10.2325	2
10.2344	2
10.237	2
10.239	2
10.2411	2
10.243	2
10.245	2
10.2475	2
10.2496	2
10.2516	2
10.2536	2
10.2555	2
10.2581	2
10.2601	2
10.2622	2
10.2641	2
10.266	2
10.2686	2
10.2707	2
10.2727	2
10.2747	2
10.2766	2
10.2792	2
10.2812	2
10.2833	2
10.2852	2
10.2871	2
10.2897	2
10.2918	2
10.2938	2
10.2958	2
10.2977	2
10.3003	2
10.3023	2
10.3043	2
10.3063	2
10.3082	2
10.3108	2
10.3129	2
10.3149	2
10.3169	2
10.3188	2
10.3214	2
10.3234	2
10.3254	2
10.3274	2
10.3293	2
10.3319	2
10.334	2
10.336	2
10.338	2
10.3399	2
10.3425	2
10.3445	2
10.3465	2
10.3485	2
10.3504	2
10.353	2
10.3551	2
10.3571	2
10.359	2
10.361	2
10.3635	2
10.3656	2
10.3676	2
10.3696	2
10.3715	2
10.3741	2
10.3761	2
10.3782	2
10.3801	2
10.3821	2
10.3846	2
10.3867	2
10.3887	2
10.3907	2
10.3926	2
10.3952	2
10.3972	2
10.3993	2
10.4012	2
10.4031	2
10.4057	2
10.4078	2
10.4098	2
10.4118	2
10.4137	2
10.4163	2
10.4183	2
10.4203	2
10.4223	2
10.4242	2
10.4268	2
10.4289	2
10.4309	2
10.4329	2
10.4348	2
10.4374	2
10.4394	2
10.4414	2
10.4434	2
10.4453	2
10.4479	2
10.45	2
10.452	2
10.454	2
10.4559	2
10.4585	2
10.4605	2
10.4625	2
10.4645	2
10.4664	2
10.469	2
10.4711	2
10.4731	2
10.4751	2
10.477	2
10.4796	2
10.4816	2
10.4836	2
10.4856	2
10.4875	2
10.4901	2
10.4922	2
10.4942	2
10.4961	2
10.4981	2
10.5006	2
10.5027	2
10.5047	2
10.5067	2
10.5086	2
10.5112	2
10.5132	2
10.5153	2
10.5172	2
10.5192	2
10.5217	2
10.5238	2
10.5258	2
10.5278	2
10.5297	2
10.5323	2
10.5343	2
10.5364	2
10.5383	2
10.5402	2
10.5428	2
10.5449	2
10.5469	2
10.5489	2
10.5508	2
10.5534	2
10.5554	2
10.5574	2
10.5594	2
10.5613	2
10.5639	2
10.566	2
10.568	2
10.57	2
10.5719	2
10.5745	2
10.5765	2
10.5785	2
10.5805	2
10.5824	2
10.585	2
10.5871	2
10.5891	2
10.5911	2
10.593	2
10.5956	2
10.5976	2
10.5996	2
10.6016	2
10.6035	2
10.6061	2
10.6082	2
10.6102	2
10.6122	2
10.6141	2
10.6166	2
10.6187	2
10.6207	2
10.6227	2
10.6246	2
10.6272	2
10.6293	2
10.6313	2
10.6332	2
10.6352	2
10.6377	2
10.6398	2
10.6418	2
10.6438	2
10.6457	2
10.6483	2
10.6503	2
10.6524	2
10.6543	2
10.6563	2
10.6588	2
10.6609	2
10.6629	2
10.6649	2
10.6668	2
10.6694	2
10.6714	2
10.6735	2
10.6754	2
10.6773	2
10.6799	2
10.682	2
10.684	2
10.686	2
10.6879	2
10.6905	2
10.6925	2
10.6945	2
10.6965	2
10.6984	2
10.701	2
10.7031	2
10.7051	2
10.7071	2
10.709	2
