221093
6297
5068
12942
17855
13741
18926
17569
19803
14556
24633
20423
22089
15993
20299
21578
20215
17618
25538
27185
23692
18515
21729
22527
22625
16701
21532
19144
21034
16847
21165
20720
23197
18263
22344
20157
22837
19528
23178
21290
20315
16118
20458
20642
23865
18716
20717
21450
29007
20527
224814
16199
20290
17581
18146
18530
23018
20356
22868
18955
20935
19948
20439
18044
24091
18238
20349
20031
21933
21405
22247
18842
23105
18377
19780
20366
23293
24714
23102
20887
21394
19985
22829
18532
22195
22708
21894
19065
23634
20596
24884
19672
21088
19757
23042
20410
21340
22376
23396
20471
223143
20590
24434
19174
22366
18985
26621
19436
23820
19819
22683
21071
22266
21414
23402
21522
21899
19929
24084
20119
22937
20328
24227
20154
24773
19953
22922
20263
23218
20469
24443
21417
23680
23315
23249
25762
24567
21391
23287
20925
23260
20978
22446
19934
21948
20612
50713
21022
27648
22016
217826
20169
21995
19917
22463
20687
22895
19152
24530
21504
26206
22373
25600
23375
34237
24557
26124
20721
24447
19694
22629
21954
26664
23045
24167
22256
27790
22640
22572
23073
23493
19941
23288
22917
24787
21190
24050
21836
26892
22290
25137
19811
24759
27781
24391
21465
25456
24780
25904
21179
233577
22267
20605
19928
22263
18322
24249
19682
24066
23082
22926
19881
25141
22157
26392
20806
22853
20478
24972
19955
24955
23876
31433
22314
24491
22108
24989
20837
24018
21574
24773
21762
23466
22651
23173
20937
25186
20934
24828
21077
23382
20225
26864
20892
23283
22656
20738
20996
22414
11144
228727
32958
21986
20111
24916
21995
22037
20442
24673
21192
23256
20710
24407
20758
23757
18953
23601
22486
19560
17765
22586
20755
20679
19293
21571
18299
18972
33798
43861
37373
64359
57866
59986
61294
70450
60363
74890
60737
62237
61297
58528
41997
54120
25035
93147
19973
19838
24622
26722
22677
212299
23389
21780
21913
19516
21391
27182
21067
21750
42590
29099
21975
22608
25954
24909
21475
21006
24075
22945
23356
20775
24744
25202
22609
24219
28761
22879
21373
17138
22032
24219
22975
22254
23169
24133
21223
19783
23349
30600
26980
20751
26414
26043
21652
22243
24384
25926
23416
18184
23784
228034
22910
20606
23240
23493
23150
21612
25378
24364
19664
17753
21587
21377
26652
19222
22580
22874
30124
23855
25296
26854
20763
18775
23042
25360
22897
19528
24970
23891
23131
21559
24127
24522
18260
17843
23529
25795
20493
23121
25343
23268
22991
19434
21175
17945
18479
21802
23693
14718
12521
