176306
26795
26699
19866
23171
20888
23598
25028
23845
22999
22464
24043
26979
22925
20326
24461
21285
23066
24222
24519
26759
25465
23740
20396
26663
34000
20683
21655
22580
27539
24860
23557
22730
24321
24336
22955
23073
27498
22427
20200
19345
22454
64871
26697
27229
23361
23859
27729
25475
26025
221705
23331
25993
25131
33629
30559
25400
28173
21807
28412
26210
26183
24083
24666
23465
22009
21543
27831
23731
24476
20180
27479
25073
28017
22152
50157
52816
61058
94897
48491
74733
80834
64993
78359
74389
76041
66521
74143
69260
77202
113568
31120
22884
17687
22602
21557
18243
18954
22864
20606
225155
14187
18435
18381
17954
21584
18529
20434
19292
17596
20895
23546
27003
21943
23752
24014
20415
13546
19734
19591
20941
18917
23725
18824
20103
17179
24170
18812
20243
16744
22619
20674
17184
18345
19737
20082
17261
16641
18593
19843
19582
24908
26608
21705
21064
18828
22336
20843
18763
16556
241912
20663
16085
20234
23363
19115
16207
19507
18502
20815
15336
16979
19153
18466
21199
18694
20783
23468
22170
16529
30609
21514
20556
19872
25683
19667
16635
17861
22866
17109
19092
17334
22383
20714
17376
18131
20111
22727
19505
18908
61548
21854
20048
16896
23078
18904
17377
16580
22637
25619
237617
17168
31063
23715
22340
15480
24359
18242
21500
16523
20288
24195
19756
20752
28384
21810
19046
16177
22326
23491
20089
15393
20343
20737
21521
21235
22425
20260
27477
18652
27197
23613
21873
15263
25841
19008
18170
17928
26068
22293
21207
19216
20167
21650
23031
19282
19667
11786
14156
12237
259945
18236
18001
16242
21052
22429
21328
27557
27638
24437
21988
17526
22576
20025
22809
17486
24155
19997
19578
20187
27539
18326
19611
19551
21262
18075
20756
17714
24693
19072
17912
17814
23043
20258
17575
16042
28888
20223
18765
20536
28967
28739
33924
49636
35850
42705
40582
48886
47988
49747
203786
45749
47193
43385
42891
26730
28049
21149
23284
20034
28786
22617
21320
20056
24751
41029
25845
18656
26405
22850
21629
20542
26193
20013
19856
19090
28833
13057
66261
18586
25820
25049
21234
15385
20858
19663
17471
19475
58000
20671
18929
19433
23545
21128
27505
23284
25099
21426
21976
18321
260993
25181
18702
19284
20905
20396
20312
21088
24599
17664
17285
21343
19495
19444
18528
16553
23013
18164
24179
19857
23075
18676
20604
27556
26120
25479
19867
18773
24123
18250
21193
19939
23440
18548
16929
19443
21642
18278
20115
14638
21788
16770
18723
15579
20584
17145
13669
10702
13705
7783
