204721
29329
37679
19901
31371
21161
23430
21554
29056
20748
19601
17053
24046
22758
25744
15995
21870
19936
20316
15997
20656
17192
18080
16457
19999
15800
19624
23335
27285
29023
34384
64604
54716
40020
32280
56606
44351
43955
57905
45443
47079
41950
25760
27572
27112
25586
19836
23657
18152
27434
297931
18629
16291
20367
20001
16485
18819
26767
18175
22281
36323
22087
23938
17078
25524
22829
19589
18876
25937
17216
18859
17545
21096
20202
18848
16281
24531
19700
18860
16475
19540
19121
13331
16873
16120
18787
59826
19876
28061
25800
21475
15312
29248
18822
19782
15703
25385
20405
27928
21155
318103
21802
19030
15136
23154
22665
18875
16499
25130
18033
18994
19189
20636
18473
21456
13660
27653
21445
35736
20848
29002
20987
23456
17456
24964
21182
19380
16134
23764
19878
21113
19431
23907
22156
22097
16448
22178
21808
17482
15830
25670
20605
22159
19074
22093
19738
18144
29526
26663
23971
317960
18446
20300
19456
17675
13928
19891
14963
15101
18039
23180
14423
14986
18348
18507
14139
13688
54830
77279
93345
97833
111050
122349
91378
109912
78672
179551
77984
115360
115012
120977
103833
133541
32843
34260
36888
36149
30831
38390
30836
33706
26949
35203
30549
29576
28368
36254
32600
29368
30012
433920
25678
21772
26799
30007
50732
31493
25612
34349
25562
31377
23507
35913
25206
28058
28032
35228
25981
25906
24502
32281
27346
25588
25812
31732
28450
27319
25046
32872
24907
28535
21498
31723
30144
84057
25497
37491
29130
31841
24975
33581
25586
26307
23725
29666
26772
28553
28967
33451
13099
483552
15247
19095
19617
30251
20377
25301
20968
28866
23910
27558
25653
27769
33029
27401
26911
28567
24869
26172
28470
32384
23600
29174
25970
32037
24902
30738
23397
32044
21023
27263
26664
32128
30406
27829
27561
29692
26267
27032
27477
28088
25578
38233
28997
32974
26509
29551
26048
31984
23950
472740
16353
23679
22908
26119
24081
28823
24531
25801
24545
26569
25595
28411
30784
30279
24512
27176
27102
31396
25023
31018
32949
33946
22429
29724
26858
32634
26070
28179
28698
29663
25442
27401
27474
27598
26851
30462
27390
32503
25382
30201
28043
30647
24113
30614
24293
33409
25981
30491
28629
484122
19608
22551
24066
27166
21110
22801
27220
30604
23321
26163
26439
31634
24284
28649
24757
30437
20652
28552
25436
31922
24031
27957
25304
28323
23538
25422
25342
26738
26599
27471
34041
70426
24423
27243
25074
33282
22084
25916
21965
28185
19597
23154
21019
25033
17462
19973
13917
16240
11376
