451990
6460
4273
16249
28703
17336
23120
24285
32656
27839
28242
28609
31706
25274
30907
27559
32575
20207
28197
28793
34216
22090
32302
29306
33277
22106
28486
27248
30409
25840
30301
30211
31427
24028
31288
30568
30372
24731
32458
30481
36118
24732
30478
28986
33518
24487
35393
28894
32565
22253
491434
20975
25402
20014
25636
27139
29941
24601
32284
27191
31914
19264
26616
28266
33772
22133
30231
32002
34623
24665
32562
28075
32952
23372
28656
29762
32333
24637
30779
29752
31127
24233
28911
28773
33961
21836
29292
31427
32546
25296
34906
28015
33560
23969
26084
27887
37856
23548
29832
29721
499290
20745
23708
25102
26605
17792
25379
27275
30010
20250
29685
28792
31551
22348
28594
27031
33891
21953
29654
27140
31665
24945
30651
28664
30419
28896
26845
26802
30200
22087
29455
72632
38209
26406
29576
30273
35000
24630
30978
28352
30451
23792
29059
32976
34569
29545
32066
32596
33258
26967
500409
18329
21195
20099
29746
27257
35425
21088
31934
29280
33949
24974
29281
27596
32653
22461
28017
30628
33979
26729
30273
30639
32531
23669
32303
26544
31506
23983
30153
27692
35209
24687
31454
33947
34276
24070
29235
27620
33256
25782
31076
30618
32605
26122
34001
30808
31574
22511
25780
28076
511071
19817
24670
26940
29777
23029
27153
25741
30570
21056
28344
28501
38630
26784
32022
28868
30854
22740
29386
26590
32233
21576
31101
29693
32751
24114
32536
27171
30784
21951
26601
25599
30845
23309
26185
26706
29160
21008
25967
22273
25981
18302
17887
36366
66887
70371
116499
87735
114620
152396
405097
102669
92768
99145
154528
110811
128541
144344
122901
67831
62672
46898
35801
54255
32446
42860
42157
47542
38542
45888
67136
49310
32635
38798
40206
38426
31766
41277
38360
109781
29765
34844
35438
50628
30450
39482
33112
45321
32199
35293
39942
48026
33298
40959
35651
47145
38096
39058
37993
53291
549934
27244
28476
40067
31875
34813
34587
48107
31199
39009
35680
42954
29609
35415
37583
49582
30705
40247
40417
44542
39396
43532
35216
49546
24764
35738
39569
50339
38838
42664
38665
46972
33603
38560
38370
43165
28980
43711
38227
48984
34409
41961
36586
49284
31118
41849
39712
45821
34372
44812
550617
29795
30830
36418
37359
45432
27090
42576
37994
52335
33613
37210
39649
49255
35907
45315
38235
50019
28293
36732
41870
48740
29843
43385
39033
46682
35233
40116
40088
43661
29498
39660
39114
45697
33808
40622
38574
44145
27838
36376
31864
37684
26929
31229
24656
37052
22457
19595
17190
13561
