435201
30823
33473
34391
40005
32999
39594
34664
38387
38786
36941
36965
35080
33976
42599
45141
34479
37601
40364
35190
36218
32183
36180
31072
37840
43894
47679
83475
38312
31736
38171
39469
35249
34974
37291
33927
34210
31436
39698
39807
38325
34894
36694
34756
45829
34596
36335
36059
36131
32578
553422
23719
27095
30242
33294
36140
30672
32722
36027
29950
32559
29154
37400
38482
32934
33934
39460
35688
38075
35763
36409
34027
34292
37700
38112
38517
35208
35520
38715
34340
35274
31939
40087
30869
37612
36462
40792
37169
36482
34716
39530
38681
33553
35191
38128
37464
37683
38782
45055
46019
537804
39823
38654
31995
39989
26330
34132
37806
42470
27550
39881
37886
41380
29610
35353
35044
43293
29152
39343
38716
42775
28951
39139
36328
42913
27852
35297
37717
42753
27788
39512
42675
43794
32279
41052
38938
39201
26520
32874
35377
46612
29995
36963
37545
44464
30651
40755
37036
42014
24625
529065
29156
34900
26778
35691
37929
39939
28739
35963
39007
44522
29313
39293
38512
40751
29036
38307
36709
41932
27354
33389
35589
37242
28307
38855
80467
45017
32950
36237
39343
43500
27798
39685
36410
42207
27818
35512
40914
47056
33279
40801
41725
45382
30449
45019
39780
42433
29305
34432
39629
540876
21618
32402
34640
38053
28485
36804
40968
41738
22395
39599
38560
42909
28041
39705
40875
42947
29565
46603
38056
42617
30712
37351
40339
44257
27288
40916
39900
40804
28504
37159
35868
45575
29329
41204
41221
42063
32241
47672
42698
40428
30069
34960
42002
43311
30394
42479
48033
43692
16836
551843
21939
24673
21481
40156
33719
36456
30544
43181
36005
36667
31051
41822
35873
33803
31594
47276
38590
38555
33939
45905
40055
38776
30782
44352
33533
43629
34253
46396
39852
39906
34968
48317
39537
37738
34489
41192
40897
42492
34117
47545
41843
40421
34907
47675
40436
39754
28720
46856
41560
508975
23022
37427
37244
37820
34416
45264
37396
34502
31235
47121
38803
38828
33138
49827
41952
38616
32584
42548
36163
39025
30414
42365
85162
38327
33275
45721
43402
43806
34562
50933
42476
40415
33433
47066
41588
47990
38491
45332
45136
43276
36307
51912
43970
40302
34516
41560
43295
47108
25332
505168
45745
41085
39444
47452
33175
41624
39303
48596
35223
45715
45980
48416
42384
53524
46591
49552
33187
37828
42802
50815
31592
47613
46977
47902
36465
47363
42687
50525
26990
41752
45512
45784
33490
40300
39613
44637
27444
34560
31053
56441
63794
103351
92440
100344
120583
106576
131782
83722
87547
