245450
93426
106833
109361
119556
110017
38920
28119
27596
30143
29054
30105
30782
23382
26261
27031
31509
22546
28417
26892
30709
41247
32498
28267
33104
22799
26945
25457
30572
23910
26037
25591
31426
24387
30045
24745
31724
23158
26775
26767
29670
24490
24795
26384
30616
27542
31133
25158
30163
24244
391418
21442
21558
20528
25775
26546
29976
21207
24406
25119
30181
21275
27309
24534
26126
20148
25565
25260
26314
19623
25783
64030
32922
25005
26709
27693
28213
24034
30055
36997
33383
24523
28773
37565
35436
24247
28537
28610
34594
21643
30352
29388
32569
21909
27426
29186
33442
23835
24049
27064
402179
18143
21468
31910
27341
22073
27217
26338
45755
26336
27804
27492
33172
23231
28272
27185
32253
24316
26628
26118
30784
22874
26556
27952
33253
22246
25122
24183
32184
25658
28998
24126
35417
23556
29398
27959
35429
37477
34481
29026
33185
26993
27198
25521
31813
25747
29018
26042
30838
24317
409805
20775
24284
19716
24714
23915
30550
23453
27975
25674
30606
27433
29043
26961
30690
24534
42531
33153
31745
24710
31944
26831
32691
22333
29198
26460
32630
23918
31942
29676
31076
26002
25627
29854
31185
22599
26968
28269
32175
23880
37075
29027
30165
22309
28482
35550
36278
24707
24785
24293
412830
35186
25040
25745
33251
24090
26509
27206
33449
22955
27315
28056
32636
22420
26604
23539
31565
25198
30405
70202
37931
26364
30031
30548
38847
28270
29998
27507
36483
25852
26667
35848
38000
30325
32083
29868
36073
27102
33652
29116
38710
23015
26462
26937
34409
28217
29904
28684
37231
13974
452063
19793
20100
31950
34859
27427
25785
23541
35110
26131
26646
22364
33217
25617
27765
25042
37393
28513
27267
26199
32954
29703
28017
24627
32663
27478
29110
29012
37667
30702
29663
25020
50210
31201
30796
24328
37746
32348
31274
25781
36186
31909
28324
25444
35161
30120
27500
23243
35940
32306
435562
18182
25632
25852
27389
21025
42022
28557
31088
25448
37669
44197
32347
27082
35451
33639
29773
25844
32588
27982
30521
28367
35972
28793
31759
22921
38783
30850
29875
23142
33994
30413
33037
27372
35637
37311
30074
28783
35535
34601
41130
31450
39671
32246
32907
26564
36808
29367
30662
24390
444995
23859
26290
25058
34305
29825
26531
25033
32853
30070
28319
26653
32088
27490
31255
25730
37222
68659
34078
26997
41198
32486
32314
27206
38779
30774
28804
27358
34730
38736
29085
31403
36098
31796
28742
27871
37650
28889
27504
20730
33668
23866
27616
22650
29534
22040
21442
16304
24467
14572
