        0.120034        16.014706
        0.140075        17.595655
        0.160100        19.342525
        0.180108        20.455008
        0.200115        20.656860
        0.220141        20.656860
        0.240167        20.681334
        0.260193        20.681334
        0.280219        20.681334
        0.300245        20.681334
        0.320271        20.707382
        0.340297        20.758387
        0.360323        21.010967
        0.380349        21.692005
        0.400365        22.828728
        0.420385        23.221880
        0.440411        23.662260
        0.460442        24.294209
        0.480474        24.918192
        0.500506        25.768614
        0.520532        26.782526
        0.540542        27.398855
        0.560552        27.487240
        0.580562        27.921358
        0.600582        28.225906
        0.620602        28.405495
        0.640622        28.562506
        0.660642        28.587782
        0.680649        26.934175
        0.700661        23.208549
        0.720692        20.586653
        0.740722        20.735830
        0.760748        22.144899
        0.780764        23.641222
        0.800795        23.738165
        0.820826        20.665478
        0.840857        18.528618
        0.860900        19.000526
        0.880934        20.955460
        0.900960        21.821650
        0.920976        20.250935
        0.940986        17.459938
        0.961017        15.463576
        0.981066        15.651501
        1.001109        17.400894
        1.021134        18.349091
        1.041172        17.675255
        1.061199        15.274078
        1.081226        13.132388
        1.101274        13.188034
        1.121314        14.680284
        1.141348        16.145828
        1.161389        16.887236
        1.181411        15.969451
        1.201414        13.798102
        1.221428        12.568182
        1.241468        13.832352
        1.261475        15.286815
        1.281495        16.826227
        1.301517        18.762804
        1.321551        20.090851
        1.341558        20.699177
        1.361584        20.898817
        1.381610        20.921684
        1.401636        21.033207
        1.421662        21.509750
        1.441679        22.100489
        1.461695        22.123413
        1.481711        22.123413
        1.501727        22.237452
        1.521747        22.283974
        1.541767        22.756519
        1.561787        23.676903
        1.581818        24.612349
        1.601850        24.856581
        1.621882        24.856581
        1.641914        24.577578
        1.661946        21.688873
        1.681966        19.767479
        1.701970        20.179300
        1.721977        21.642155
        1.741993        22.330523
        1.762013        20.506487
        1.782024        17.605991
        1.802055        17.550402
        1.822080        18.540415
        1.842118        18.962221
        1.862152        18.087042
        1.882174        15.632110
        1.902224        14.246245
        1.922277        14.732137
        1.942311        15.944982
        1.962361        16.361559
        1.982377        14.761622
        2.002417        12.700006
        2.022451        11.992862
        2.042453        12.055652
        2.062517        12.852376
        2.082543        14.384429
        2.102563        15.342535
        2.122583        15.218531
        2.142603        13.190750
        2.162651        11.297961
        2.182681        10.565142
        2.202711        10.852807
        2.222713        12.014764
        2.242777        13.282850
        2.262817        13.881893
        2.282824        13.881893
        2.302831        13.040566
        2.322843        11.593105
        2.342861        11.593105
        2.362871        12.108625
        2.382935        13.113556
        2.402943        13.511643
        2.422944        13.198086
        2.442985        11.824739
        2.463025        11.824739
        2.483058        11.898644
        2.503091        11.989604
        2.523155        11.989604
        2.543219        12.015668
        2.563283        12.065943
        2.583347        12.311285
        2.603379        12.532780
        2.623413        12.532780
        2.643447        12.532780
        2.663481        12.113022
        2.683482        10.443798
        2.703556         9.997784
        2.723560        10.207162
        2.743606        11.367340
        2.763626        12.230174
        2.783646        12.433351
        2.803678        12.433351
        2.823710        12.433351
        2.843742        12.503728
        2.863776        12.832740
        2.883802        12.931976
        2.903810        12.931976
        2.923818        12.931976
        2.943826        12.931976
        2.963834        12.958695
        2.983842        12.958695
        3.003850        12.958695
        3.023858        12.958695
        3.043866        12.958695
        3.063874        12.958695
        3.083882        12.821566
        3.103909        11.725945
        3.123975        11.447018
        3.143986        11.447018
        3.163996        11.528982
        3.184006        11.612525
        3.204066        11.970149
        3.224130        12.401328
        3.244162        12.620324
        3.264196        12.841157
        3.284222        12.864676
        3.304248        13.017089
        3.324256        13.063745
        3.344264        13.087671
        3.364272        13.244544
        3.384312        13.662333
        3.404322        13.843163
        3.424329        12.392042
        3.444368        11.150193
        3.464397        11.526291
        3.484407        12.814453
        3.504433        13.639812
        3.524443        13.002934
        3.544454        11.233742
        3.564486         9.630408
        3.584501         9.660503
        3.604509        10.342939
        3.624529        11.010917
        3.644545        11.592202
        3.664555        12.240656
        3.684575        13.348918
        3.704576        14.114581
        3.724624        15.299846
        3.744644        15.912377
        3.764694        16.154810
        3.784735        16.872158
        3.804757        17.499086
        3.824782        18.147472
        3.844802        19.350445
        3.864810        20.899567
        3.884836        22.170456
        3.904852        22.801359
        3.924872        23.111965
        3.944898        23.134987
        3.964924        23.158886
        3.984950        23.158886
        4.004976        22.268160
        4.024997        19.659222
        4.045002        19.735619
        4.065042        21.745731
        4.085058        23.825413
        4.105089        24.767490
        4.125121        25.415722
        4.145147        26.130800
        4.165157        27.073904
        4.185167        28.203012
        4.205187        29.265644
        4.225194        29.982548
        4.245214        29.740206
        4.265234        25.651840
        4.285265        23.062824
        4.305294        24.586046
        4.325326        26.437902
        4.345336        27.294441
        4.365346        26.081797
        4.385357        22.519724
        4.405382        19.311373
        4.425396        17.831341
        4.445419        17.831341
        4.465439        17.831341
        4.485459        17.958254
        4.505479        19.371389
        4.525487        21.159941
        4.545504        21.757973
        4.565520        19.561953
        4.585524        17.550282
        4.605554        18.776266
        4.625588        21.005543
        4.645614        22.753948
        4.665634        23.090071
        4.685660        20.827932
        4.705690        17.844664
        4.725716        17.832251
        4.745736        19.353897
        4.765744        20.409533
        4.785751        20.058649
        4.805758        17.320087
        4.825775        15.940738
        4.845779        17.337868
        4.865789        19.051855
        4.885797        19.247429
        4.905805        16.600031
        4.925828        15.103870
        4.945852        16.442823
        4.965868        18.282852
        4.985906        20.226852
        5.005913        22.357025
        5.025933        23.981915
        5.045964        24.499508
        5.065996        24.807297
        5.086028        22.042992
        5.106048        18.971651
        5.126088        17.397383
        5.146116        19.151043
        5.166124        21.147648
        5.186141        22.284746
        5.206161        22.284746
        5.226181        22.009426
        5.246198        22.167604
        5.266214        23.088535
        5.286240        23.913315
        5.306271        24.136995
        5.326302        24.136995
        5.346333        24.161036
        5.366364        24.322933
        5.386396        24.347652
        5.406428        22.514830
        5.426451        19.535681
        5.446456        19.953308
        5.466496        22.466236
        5.486516        24.906521
        5.506548        27.124901
        5.526558        28.006180
        5.546578        26.689672
        5.566589        23.069008
        5.586620        19.758005
        5.606626        19.545111
        5.626666        21.108334
        5.646683        23.355209
        5.666709        24.681942
        5.686741        25.341772
        5.706767        25.493910
        5.726793        25.883350
        5.746803        26.036118
        5.766813        26.302410
        5.786823        26.480375
        5.806833        26.107061
        5.826843        22.547092
        5.846868        19.319002
        5.866882        18.427607
        5.886922        18.848183
        5.906956        19.848389
        5.926996        20.291962
        5.947003        19.164631
        5.967013        16.570139
        5.987036        14.190038
        6.007092        14.225513
        6.027140        15.106112
        6.047160        15.769292
        6.067210        14.593507
        6.087248        12.596424
        6.107291        10.895222
        6.127303         9.337663
        6.147375         9.247620
        6.167414         9.408909
        6.187474         9.732121
        6.207482         9.929589
        6.227562         9.929589
        6.247642         8.875840
        6.267722         8.393657
        6.287772         9.306442
        6.307832        10.148904
        6.327878        11.388872
        6.347898        12.528791
        6.367932        13.884841
        6.387939        15.568204
        6.407982        17.304224
        6.427992        18.963209
        6.448026        20.200712
        6.468033        21.109152
        6.488050        21.600060
        6.508067        22.072672
        6.528083        22.627802
        6.548103        22.696096
        6.568123        22.832409
        6.588143        22.832409
        6.608163        22.832409
        6.628183        22.832409
        6.648203        22.832409
        6.668223        22.832409
        6.688243        22.832409
        6.708263        22.832409
        6.728283        22.832409
        6.748303        22.891405
        6.768329        23.635975
        6.788360        25.864111
        6.808370        27.892952
        6.828390        29.492851
        6.848397        30.493948
        6.868417        29.059975
        6.888425        25.136253
        6.908455        21.615292
        6.928478        18.591854
        6.948479        17.421600
        6.968506        17.596502
        6.988531        17.997597
        7.008551        18.267038
        7.028589        18.303617
        7.048627        18.303617
        7.068665        16.511238
        7.088686        14.273130
        7.108742        14.273130
        7.128790        16.052696
        7.148831        17.780540
        7.168851        19.627258
        7.188891        21.596428
        7.208908        23.839682
        7.228939        26.291759
        7.248949        28.077679
        7.268969        28.721924
        7.288976        28.721924
        7.308983        28.721924
        7.328990        28.721924
        7.348997        27.492580
        7.369009        23.727558
        7.389011        20.896778
        7.409042        21.291553
        7.429059        23.507870
        7.449085        25.387379
        7.469111        26.220842
        7.489121        24.597412
        7.509123        22.277267
        7.529146        22.505987
        7.549166        24.052977
        7.569197        25.009478
        7.589223        25.233381
        7.609249        25.233381
        7.629275        25.233381
        7.649301        25.233381
        7.669327        25.260170
        7.689353        25.260170
        7.709379        25.260170
        7.729405        23.299847
        7.749434        20.104986
        7.769446        17.234594
        7.789463        16.776361
        7.809486        16.985588
        7.829508        17.342907
        7.849518        18.113119
        7.869538        19.173285
        7.889546        20.282179
        7.909553        20.548927
        7.929579        20.548927
        7.949605        20.402149
        7.969613        20.402149
        7.989620        20.501673
        8.009627        21.235031
        8.029644        22.387142
        8.049664        22.985004
        8.069690        21.843201
        8.089708        18.804127
        8.109748        18.028952
        8.129770        19.377998
        8.149778        20.646317
        8.169804        20.951296
        8.189830        18.498396
        8.209873        16.288603
        8.229920        16.483677
        8.249936        17.687288
        8.269961        18.297636
        8.289999        18.297636
        8.310037        17.101252
        8.330050        14.748708
        8.350092        12.689775
        8.370135        11.892548
        8.390172        11.892548
        8.410205        11.982195
        8.430269        12.066373
        8.450333        12.145685
        8.470353        12.674091
        8.490387        14.218722
        8.510435        15.717373
        8.530485        17.518864
        8.550510        19.406700
        8.570518        21.544960
        8.590535        23.222338
        8.610561        22.642723
        8.630582        19.561777
        8.650587        16.740702
        8.670616        16.122963
        8.690659        16.541182
        8.710675        17.215591
        8.730685        17.520628
        8.750710        17.520628
        8.770735        17.701380
        8.790760        18.222561
        8.810798        19.041224
        8.830832        19.946873
        8.850872        20.884378
        8.870898        21.388353
        8.890915        22.000757
        8.910931        23.093304
        8.930957        24.651045
        8.950989        26.443653
        8.970999        28.127033
        8.991019        29.458805
        9.011026        30.390087
        9.031046        30.894930
        9.051071        30.221209
        9.071092        26.086725
        9.091106        22.798368
        9.111131        22.798368
        9.131151        22.987700
        9.151177        22.339678
        9.171198        19.353586
        9.191212        16.601627
        9.211235        16.562290
        9.231251        18.032471
        9.251271        20.130463
        9.271278        22.286873
        9.291298        24.312969
        9.311330        25.294521
        9.331356        25.985195
        9.351366        26.524179
        9.371376        26.547405
        9.391386        26.594393
        9.411396        26.796671
        9.431406        26.897406
        9.451416        26.897406
        9.471426        26.923170
        9.491436        26.865519
        9.511446        23.725698
        9.531448        20.361490
        9.551461        20.045748
        9.571468        20.455280
        9.591475        20.847769
        9.611501        21.080605
        9.631518        21.108414
        9.651535        21.108414
        9.671552        19.568510
        9.691555        17.423639
        9.711585        17.423639
        9.731610        18.271187
        9.751648        20.143213
        9.771655        21.581598
        9.791672        22.228098
        9.811692        22.477514
        9.831712        22.477514
        9.851732        22.477514
        9.871752        22.477514
        9.891772        21.869230
