0.116049	0
0.133833	0
0.134991	0
0.136148	0
0.137306	1
0.149272	3
0.150432	3
0.151578	2
0.152723	2
0.153868	2
0.15501	3
0.156153	3
0.157293	3
0.158434	3
0.165864	4
0.166998	4
0.168134	4
0.169267	3
0.1704	3
0.171533	3
0.172666	4
0.173797	4
0.174928	4
0.176058	4
0.17719	5
0.17832	5
0.179449	5
0.180578	6
0.181705	6
0.182832	6
0.183957	7
0.185082	7
0.186207	8
0.187332	7
0.188455	7
0.189578	7
0.190703	7
0.191827	7
0.192949	7
0.194072	7
0.195195	8
0.196317	8
0.197437	8
0.198555	8
0.199674	9
0.200792	9
0.201911	10
0.203029	10
0.204148	11
0.205266	11
0.206385	12
0.207502	12
0.208618	12
0.209734	13
0.210848	13
0.211962	14
0.213077	14
0.214189	15
0.215301	15
0.216413	16
0.217526	16
0.218639	17
0.219751	18
0.220863	18
0.221974	18
0.223084	19
0.224194	19
0.225303	19
0.226411	20
0.227518	20
0.279428	19
0.280478	19
0.281525	18
0.282569	17
0.28361	16
0.284648	15
0.285685	15
0.286719	14
0.287752	13
0.288782	13
0.289811	12
0.290838	12
0.291862	12
0.292886	11
0.293909	11
0.29493	11
0.29595	11
0.296971	11
0.297992	10
0.299014	10
0.300037	10
0.301061	10
0.302086	10
0.303113	10
0.304139	10
0.305166	10
0.306194	10
0.307224	10
0.308253	10
0.309285	10
0.310316	10
0.311348	10
0.312381	10
0.313412	10
0.314444	10
0.315476	10
0.316505	10
0.317533	10
0.318559	10
0.319584	10
0.320607	10
0.321629	10
0.322649	10
0.323668	10
0.324687	9
0.325705	9
0.326721	9
0.327737	9
0.328751	9
0.329763	9
0.330775	9
0.331786	9
0.332797	9
0.333807	9
0.334817	9
0.335825	9
0.336833	9
0.337841	9
0.338847	9
0.339852	9
0.340856	9
0.341859	9
0.342861	9
0.343861	9
0.34486	9
0.345858	9
0.346855	9
0.347851	9
0.348845	9
0.349839	9
0.350831	9
0.351822	9
0.352811	9
0.353798	9
0.354784	9
0.355767	9
0.356747	9
0.357725	9
0.358701	9
0.359673	9
0.360643	9
0.361609	9
0.362573	9
0.363533	9
0.364493	9
0.36545	9
0.366405	9
0.367357	9
0.368306	9
0.369253	9
0.370197	9
0.371137	9
0.372074	9
0.373007	9
0.373939	9
0.374867	9
0.375792	9
0.376714	9
0.377634	9
0.378551	9
0.379467	9
0.380383	9
0.381297	9
0.382209	9
0.383121	9
0.384031	9
0.38494	9
0.385847	8
0.386753	8
0.387658	8
0.388562	8
0.389465	8
0.390368	8
0.391269	8
0.392171	8
0.393071	8
0.393972	8
0.394874	8
0.395775	7
0.396677	7
0.397578	7
0.398478	7
0.399379	7
0.400279	7
0.401178	7
0.402076	7
0.402974	7
0.403871	7
0.404768	7
0.405663	7
0.406559	7
0.407454	7
0.408347	7
0.40924	7
0.410131	7
0.411021	7
0.41191	7
0.412798	7
0.413685	7
0.41457	7
0.415454	7
0.416335	7
0.417217	7
0.418097	7
0.418975	7
0.419853	7
0.420731	7
0.421607	7
0.422483	7
0.423359	7
0.424234	7
0.425108	7
0.425982	7
0.426855	7
0.427727	7
0.428599	7
0.429472	7
0.430343	7
0.431215	7
0.432086	7
0.432958	6
0.433829	6
0.434701	6
0.435572	6
0.436444	6
0.437316	6
0.438187	6
0.439057	6
0.439928	6
0.440799	6
0.441669	6
0.442538	6
0.443407	6
0.444276	6
0.445145	6
0.446013	6
0.446881	6
0.447747	6
0.448613	6
0.449478	6
0.450342	6
0.451207	6
0.45207	6
0.452933	6
0.453796	6
0.454658	6
0.455519	6
0.456381	6
0.457242	6
0.458101	6
0.45896	6
0.459819	6
0.460676	6
0.461533	6
0.46239	6
0.463245	6
0.4641	6
0.464954	6
0.465806	6
0.466659	6
0.467512	6
0.468365	6
0.469218	6
0.470069	6
0.47092	6
0.47177	6
0.47262	6
0.473469	6
0.474316	6
0.475163	6
0.476008	7
0.476853	7
0.477697	7
0.478542	7
0.479385	7
0.480227	7
0.481069	7
0.481911	7
0.482752	7
0.483594	7
0.484434	7
0.485274	7
0.486114	7
0.486954	6
0.487793	6
0.488631	6
0.489469	6
0.490307	6
0.491144	6
0.491982	6
0.492818	6
0.493656	6
0.494492	6
0.49533	6
0.496166	6
0.497003	6
0.49784	6
0.498677	6
0.499514	6
0.50035	6
0.501187	6
0.502024	6
0.50286	6
0.503696	6
0.504533	6
0.505369	6
0.506204	6
0.50704	6
0.507875	6
0.50871	6
0.509544	6
0.510379	6
0.511213	6
0.512047	6
0.512881	6
0.513715	6
0.514549	6
0.515383	6
0.516216	6
0.517049	6
0.517882	6
0.518715	6
0.519547	6
0.520378	6
0.52121	6
0.52204	6
0.522872	6
0.523702	6
0.524532	6
0.525362	6
0.526191	6
0.527019	6
0.527848	6
0.528676	6
0.529503	6
0.530331	6
0.531156	6
0.531981	6
0.532805	6
0.533628	6
0.534451	6
0.535273	6
0.536095	6
0.536918	6
0.53774	6
0.538562	6
0.539386	6
0.540209	6
0.541033	6
0.541856	6
0.542681	6
0.543505	6
0.544331	6
0.545156	6
0.545982	6
0.546808	6
0.547635	6
0.548462	6
0.549289	6
0.550117	6
0.550946	6
0.551775	6
0.552605	6
0.553435	6
0.554266	6
0.555097	6
0.55593	6
0.556762	6
0.557596	6
0.558428	6
0.559262	6
0.560096	6
0.56093	6
0.561765	6
0.5626	6
0.563437	6
0.564273	6
0.565111	6
0.565948	6
0.566787	6
0.567625	6
0.568465	6
0.569305	6
0.570147	6
0.570989	6
0.571832	6
0.572677	6
0.573523	6
0.57437	6
0.575218	6
0.576069	6
0.576919	6
0.577772	6
0.578626	6
0.579481	6
0.580337	6
0.581194	6
0.582053	6
0.582912	6
0.583774	6
0.584636	6
0.5855	6
0.586366	6
0.587233	6
0.588103	6
0.588975	6
0.589848	6
0.590722	6
0.591598	6
0.592476	6
0.593354	6
0.594234	7
0.595115	7
0.595999	7
0.596882	7
0.597766	7
0.598653	7
0.59954	7
0.60043	7
0.601321	7
0.602213	7
0.603107	7
0.604003	7
0.6049	7
0.605799	7
0.606698	7
0.607598	8
0.6085	8
0.609402	8
0.610304	8
0.611209	8
0.612115	8
0.613023	8
0.613933	8
0.614844	8
0.615758	8
0.616674	8
0.617592	8
0.618513	8
0.619434	8
0.620357	8
0.621282	9
0.622209	9
0.623137	9
0.624067	9
0.624999	9
0.625932	9
0.626867	9
0.627803	9
0.628741	9
0.62968	9
0.630622	9
0.631565	9
0.632509	9
0.633454	9
0.634399	9
0.635346	9
0.636293	9
0.63724	9
0.638189	9
0.639137	9
0.640087	9
0.641036	10
0.641985	10
0.642935	10
0.643885	10
0.644835	10
0.645786	10
0.646738	10
0.647692	10
0.648648	10
0.649604	10
0.650563	10
0.651523	10
0.652483	10
0.653446	10
0.654409	10
0.655374	10
0.65634	10
0.657307	10
0.658275	10
0.659242	10
0.660212	10
0.661182	10
0.662154	10
0.663128	10
0.664102	10
0.665077	10
0.666053	10
0.667029	10
0.668004	10
0.66898	10
0.669956	10
0.670931	10
0.671906	10
0.672883	10
0.673862	10
0.674842	10
0.675825	10
0.67681	10
0.677796	10
0.678785	10
0.679778	10
0.680772	10
0.681769	10
0.682767	10
0.683767	10
0.68477	10
0.685775	10
0.686782	10
0.687792	10
0.688803	10
0.689817	10
0.690833	10
0.691851	10
0.69287	10
0.69389	10
0.694909	10
0.695929	10
0.69695	11
0.697972	11
0.698994	11
0.700017	11
0.70104	11
0.702065	11
0.703093	12
0.704122	12
0.705152	12
0.706182	12
0.707214	12
0.708248	12
0.709283	12
0.71032	12
0.711359	12
0.7124	12
0.713443	12
0.714488	12
0.715535	12
0.716583	12
0.717633	12
0.718683	12
0.719734	12
0.720785	12
0.721837	12
0.722888	12
0.72394	12
0.724991	12
0.726042	13
0.727094	13
0.728145	13
0.729196	13
0.730247	13
0.731295	13
0.732341	13
0.733389	13
0.734435	13
0.735481	13
0.736527	13
0.737572	13
0.738617	13
0.739662	13
0.740708	13
0.741754	13
0.7428	13
0.743847	13
0.744893	13
0.745939	13
0.746986	13
0.748034	13
0.749082	13
0.750131	13
0.751182	13
0.752235	13
0.753287	14
0.75434	14
0.755395	14
0.756449	14
0.757503	14
0.758557	14
0.759611	14
0.760666	14
0.761719	14
0.762772	14
0.763826	14
0.764879	14
0.765933	14
0.766986	14
0.768039	14
0.769092	14
0.770147	14
0.7712	14
0.772254	14
0.773308	14
0.774362	14
0.775418	14
0.776474	14
0.777532	14
0.778592	14
0.779656	14
0.780721	14
0.781791	14
0.782864	14
0.783939	14
0.785016	14
0.786098	14
0.787184	14
0.788273	14
0.789365	14
0.790462	14
0.791563	14
0.79267	14
0.793782	14
0.7949	14
0.796021	14
0.797146	15
0.798275	15
0.799408	15
0.800543	15
0.801682	15
0.802823	15
0.803966	15
0.805113	15
0.806264	15
0.807417	15
0.808573	15
0.80973	15
0.810889	15
0.812049	15
0.81321	15
0.814372	16
0.815535	16
0.8167	16
0.817866	16
0.819034	16
0.820205	16
0.821377	16
0.822551	16
0.823728	16
0.824907	16
0.826089	16
0.827271	16
0.828457	17
0.829645	17
0.83084	17
0.832037	17
0.833239	17
0.834443	17
0.83565	17
0.836862	17
0.838075	17
0.839291	17
0.840508	17
0.841727	17
0.842948	17
0.84417	17
0.845394	18
0.846618	18
0.847847	18
0.849077	18
0.850308	18
0.851539	18
0.852772	18
0.854006	18
0.855241	18
0.85648	18
0.857718	18
0.85896	18
0.860203	18
0.861447	18
0.862695	18
0.863943	18
0.865196	19
0.903622	19
0.904901	19
0.906182	19
0.907466	18
0.908755	18
0.910048	18
0.911347	18
0.912652	17
0.913965	17
0.915287	17
0.916613	16
0.917948	16
0.919289	15
0.920633	15
0.921984	14
0.923338	14
0.924699	13
0.926067	13
0.927436	13
0.928806	12
0.930176	12
0.931547	12
0.932914	12
0.93428	12
0.935643	12
0.937005	12
0.938369	12
0.93973	12
0.941091	12
0.942451	12
0.943809	12
0.945164	12
0.946519	12
0.947872	12
0.949227	12
0.950582	12
0.951935	12
0.95329	12
0.954646	12
0.956007	12
0.95737	12
0.958736	12
0.960108	12
0.961483	12
0.962864	12
0.964251	12
0.965642	12
0.967038	12
0.968442	12
0.969848	12
0.971264	12
0.972687	12
0.974119	12
0.975557	12
0.977004	12
0.978456	12
0.979912	12
0.981373	13
0.982841	13
0.984315	13
0.985794	13
0.987275	13
0.988762	13
0.990252	13
0.991743	13
0.993237	13
0.994729	13
0.996223	13
0.997715	13
0.999209	14
1.0007	14
1.0022	14
1.00369	14
1.00518	14
1.00668	14
1.00818	14
1.00967	14
1.01117	14
1.01266	14
1.01416	14
1.01566	14
1.01716	15
1.01866	15
1.02016	15
1.02166	15
1.02316	15
1.02465	15
1.02615	15
1.02764	15
1.02913	15
1.03063	15
1.03212	15
1.03361	15
1.0351	15
1.0366	15
1.03809	15
1.03958	15
1.04107	15
1.04256	15
1.04404	15
1.04552	15
1.04699	15
1.04847	15
1.04995	15
1.05142	15
1.05288	15
1.05434	15
1.05578	15
1.05722	15
1.05866	15
1.06009	15
1.06152	15
1.06295	14
1.06438	14
1.06581	14
1.06724	14
1.06867	14
1.0701	14
1.07154	14
1.07299	14
1.07445	14
1.07591	14
1.07739	14
1.07888	14
1.08037	14
1.08188	14
1.08339	14
1.0849	14
1.08642	14
1.08795	14
1.08948	14
1.09102	14
1.09255	14
1.09409	14
1.09563	14
1.09717	14
1.09871	14
1.10025	15
1.1018	15
1.10334	15
1.10489	15
1.10643	15
1.10798	15
1.10952	15
1.11106	15
1.11261	15
1.11415	15
1.1157	15
1.11725	16
1.11879	16
1.12033	16
1.12186	16
1.12339	16
1.12492	16
1.12643	16
1.12795	16
1.12946	16
1.13096	16
1.13246	16
1.13394	16
1.13542	16
1.13688	16
1.13833	16
1.13978	16
1.14122	16
1.14266	15
1.1441	15
1.14552	15
1.14694	15
1.14836	15
1.14977	15
1.15118	16
1.15258	16
1.15399	16
1.15539	16
1.1568	16
1.1582	16
1.1596	16
1.161	16
1.1624	16
1.16379	15
1.16517	15
1.16656	15
1.16794	15
1.16932	15
1.17069	15
1.17206	15
1.17342	15
1.17477	15
1.17612	15
1.17746	15
1.17879	15
1.18012	15
1.18143	14
1.18275	14
1.18406	14
1.18536	14
1.18666	14
1.18795	14
1.18923	14
1.19051	14
1.19179	14
1.19306	14
1.19434	13
1.19561	13
1.19688	13
1.19815	13
1.19941	13
1.20067	13
1.20193	13
1.20318	13
1.20443	13
1.20567	12
1.20692	12
1.20816	12
1.2094	12
1.21064	12
1.21187	12
1.21309	12
1.21432	12
1.21553	12
1.21675	12
1.21796	11
1.21916	11
1.22036	11
1.22156	11
1.22276	11
1.22395	11
1.22514	11
1.22633	11
1.22751	11
1.22869	11
1.22987	11
1.23104	11
1.23222	11
1.23339	11
1.23456	10
1.23573	10
1.2369	10
1.23807	10
1.23923	10
1.2404	10
1.24156	10
1.24271	10
1.24387	10
1.24503	10
1.24618	10
1.24733	10
1.24849	10
1.24964	10
1.25078	10
1.25192	9
1.25306	9
1.2542	9
1.25534	9
1.25647	9
1.25761	9
1.25874	9
1.25987	9
1.26101	9
1.26214	9
1.26328	9
1.26441	9
1.26555	9
1.26669	9
1.26782	9
1.26896	9
1.27009	9
1.27123	9
1.27237	9
1.27351	9
1.27466	9
1.2758	9
1.27694	9
1.27809	9
1.27923	9
1.28037	9
1.28151	9
1.28265	9
1.28378	9
1.28492	9
1.28605	9
1.28719	9
1.28832	9
1.28946	9
1.29059	9
1.29171	9
1.29284	9
1.29397	9
1.29509	9
1.29621	9
1.29732	9
1.29844	9
1.29955	9
1.30066	9
1.30178	9
1.30289	8
1.30399	8
1.3051	8
1.3062	8
1.3073	8
1.3084	8
1.3095	8
1.31059	8
1.31169	8
1.31278	8
1.31387	8
1.31496	8
1.31605	8
1.31714	8
1.31823	8
1.31932	8
1.3204	8
1.32149	8
1.32257	8
1.32365	8
1.32473	8
1.32581	8
1.32689	8
1.32797	8
1.32905	8
1.33012	8
1.3312	8
1.33228	8
1.33335	8
1.33442	8
1.33549	8
1.33656	8
1.33763	8
1.3387	8
1.33977	7
1.34084	7
1.34191	7
1.34298	7
1.34405	7
1.34512	7
1.34619	7
1.34726	7
1.34833	7
1.3494	7
1.35047	7
1.35154	7
1.35262	7
1.3537	7
1.35478	7
1.35587	7
1.35696	7
1.35804	7
1.35913	7
1.36023	7
1.36132	7
1.36241	7
1.3635	7
1.36459	7
1.36569	7
1.36678	7
1.36788	7
1.36897	7
1.37006	7
1.37116	7
1.37225	7
1.37335	7
1.37444	7
1.37553	7
1.37662	7
1.37771	7
1.3788	7
1.37989	7
1.38097	7
1.38206	7
1.38315	7
1.38423	7
1.38532	7
1.3864	7
1.38748	7
1.38857	7
1.38965	7
1.39073	7
1.3918	7
1.39288	7
1.39396	7
1.39504	7
1.39611	7
1.39718	7
1.39826	7
1.39933	7
1.4004	7
1.40147	7
1.40254	7
1.40361	7
1.40468	7
1.40575	7
1.40681	7
1.40788	7
1.40895	7
1.41001	7
1.41108	7
1.41215	7
1.41321	7
1.41428	7
1.41534	8
1.4164	8
1.41746	8
1.41851	8
1.41957	8
1.42062	8
1.42167	8
1.42271	8
1.42376	8
1.4248	8
1.42584	8
1.42687	8
1.42791	8
1.42894	8
1.42997	8
1.431	8
1.43202	8
1.43304	8
1.43405	8
1.43507	8
1.43608	8
1.43709	8
1.43809	8
1.43909	8
1.44009	8
1.44109	8
1.44208	8
1.44308	8
1.44407	8
1.44506	8
1.44604	8
1.44703	8
1.44801	8
1.44899	7
1.44997	7
1.45094	7
1.45191	7
1.45289	7
1.45385	7
1.45482	7
1.45579	7
1.45675	6
1.45772	6
1.45868	6
1.45965	6
1.46061	6
1.46157	6
1.46253	6
1.4635	6
1.46446	6
1.46542	6
1.46638	6
1.46734	6
1.4683	6
1.46926	6
1.47022	6
1.47118	6
1.47214	6
1.4731	6
1.47405	6
1.47501	6
1.47597	6
1.47693	6
1.47788	6
1.47884	6
1.4798	6
1.48075	6
1.48171	6
1.48266	6
1.48362	6
1.48457	6
1.48552	6
1.48648	6
1.48743	6
1.48839	6
1.48934	6
1.49029	6
1.49125	6
1.4922	6
1.49316	6
1.49411	6
1.49507	6
1.49602	6
1.49698	5
1.49793	5
1.49889	5
1.49985	5
1.5008	5
1.50176	5
1.50272	5
1.50368	5
1.50464	5
1.5056	5
1.50656	5
1.50752	5
1.50848	5
1.50944	5
1.5104	5
1.51136	5
1.51232	5
1.51328	5
1.51424	5
1.5152	5
1.51617	5
1.51713	5
1.51809	5
1.51905	6
1.52002	6
1.52098	6
1.52194	6
1.5229	6
1.52386	6
1.52482	6
1.52578	6
1.52675	6
1.52771	6
1.52867	6
1.52963	6
1.5306	6
1.53156	6
1.53253	6
1.53349	6
1.53445	6
1.53542	6
1.53638	6
1.53735	6
1.53832	6
1.53928	6
1.54025	6
1.54122	6
1.54219	6
1.54316	6
1.54414	6
1.54511	6
1.54609	6
1.54706	6
1.54804	6
1.54902	6
1.54999	6
1.55097	6
1.55195	6
1.55293	6
1.55391	6
1.55489	6
1.55587	6
1.55685	6
1.55783	6
1.55881	6
1.5598	6
1.56078	6
1.56176	6
1.56274	6
1.56372	6
1.5647	6
1.56568	6
1.56665	6
1.56763	6
1.56861	6
1.56959	6
1.57057	6
1.57155	6
1.57253	6
1.57351	6
1.57449	6
1.57547	6
1.57646	6
1.57745	6
1.57843	6
1.57942	6
1.58041	6
1.5814	6
1.58239	6
1.58339	6
1.58438	6
1.58538	6
1.58637	6
1.58737	6
1.58837	6
1.58938	6
1.59038	6
1.59138	6
1.59239	6
1.59339	6
1.5944	6
1.59541	6
1.59641	6
1.59742	6
1.59843	6
1.59944	6
1.60045	6
1.60146	6
1.60247	6
1.60348	6
1.6045	6
1.60551	6
1.60652	6
1.60754	6
1.60855	6
1.60957	6
1.61058	6
1.6116	6
1.61262	6
1.61365	6
1.61467	6
1.6157	6
1.61673	6
1.61776	6
1.6188	6
1.61983	6
1.62087	6
1.62192	6
1.62296	6
1.62401	7
1.62506	7
1.62611	7
1.62716	7
1.62822	7
1.62928	7
1.63035	7
1.63141	7
1.63247	7
1.63354	7
1.6346	7
1.63566	7
1.63672	7
1.63779	7
1.63885	7
1.63991	7
1.64098	7
1.64204	8
1.64311	8
1.64418	8
1.64525	8
1.64632	8
1.64739	8
1.64846	8
1.64953	8
1.65061	8
1.65169	8
1.65278	8
1.65387	8
1.65497	8
1.65607	8
1.65718	8
1.65829	8
1.65941	8
1.66053	8
1.66166	8
1.66279	8
1.66392	8
1.66506	8
1.66621	9
1.66736	9
1.66851	9
1.66966	9
1.67082	9
1.67198	9
1.67313	9
1.67429	9
1.67545	9
1.67661	9
1.67777	9
1.67892	9
1.68008	9
1.68124	9
1.6824	9
1.68356	9
1.68472	9
1.68588	9
1.68704	10
1.6882	10
1.68936	10
1.69052	10
1.69168	10
1.69284	10
1.694	10
1.69516	10
1.69632	10
1.69748	10
1.69865	10
1.69981	10
1.70098	10
1.70215	10
1.70331	10
1.70448	10
1.70565	10
1.70683	10
1.708	10
1.70918	10
1.71036	10
1.71153	10
1.71272	10
1.71389	10
1.71507	10
1.71625	10
1.71743	10
1.71861	10
1.71979	10
1.72098	10
1.72216	10
1.72335	10
1.72454	10
1.72573	10
1.72692	10
1.7281	11
1.7293	11
1.7305	11
1.7317	11
1.73291	11
1.73412	11
1.73535	11
1.73658	11
1.73781	11
1.73906	11
1.7403	11
1.74156	11
1.74282	11
1.74408	11
1.74535	11
1.74663	11
1.74791	11
1.74921	11
1.7505	11
1.7518	11
1.7531	11
1.7544	12
1.7557	12
1.757	12
1.7583	12
1.75961	12
1.76091	12
1.76222	12
1.76354	12
1.76485	12
1.76616	12
1.76748	13
1.76879	13
1.7701	13
1.77142	13
1.77275	13
1.77407	13
1.77541	13
1.77674	13
1.77809	13
1.77943	13
1.78078	13
1.78214	13
1.78349	13
1.78485	14
1.78621	14
1.78758	14
1.78896	14
1.79033	14
1.7917	14
1.79308	15
1.79445	15
1.79581	15
1.79717	15
1.79853	15
1.79989	15
1.80124	15
1.80259	15
1.80394	15
1.80529	16
1.80663	16
1.80797	16
1.80931	16
1.81065	16
1.81199	16
1.81334	16
1.81468	16
1.81603	16
1.81739	16
1.81874	16
1.8201	16
1.82147	16
1.82284	16
1.8242	16
1.82558	16
1.82696	16
1.82835	16
1.82974	16
1.83114	16
1.83254	16
1.83394	16
1.83535	16
1.83676	16
1.83817	16
1.83959	16
1.84101	16
1.84244	16
1.84387	16
1.84531	17
1.84675	17
1.84819	17
1.84964	17
1.85109	17
1.85255	17
1.85402	17
1.8555	17
1.85698	17
1.85847	17
1.85997	17
1.86147	17
1.86297	17
1.86448	17
1.866	17
1.86752	18
1.86905	18
1.8706	18
1.87214	18
1.87369	18
1.91441	18
1.91604	18
1.91767	18
1.9193	18
1.92094	18
1.92258	18
1.92423	17
1.92588	17
1.92753	17
1.92919	16
1.93086	16
1.93254	15
1.93422	14
1.93592	14
1.93761	14
1.93932	13
1.94103	13
1.94274	13
1.94446	13
1.94619	13
1.94791	13
1.94965	13
1.95138	13
1.9531	13
1.95482	13
1.95653	13
1.95823	13
1.95992	13
1.96162	13
1.9633	13
1.96499	13
1.96667	13
1.96833	13
1.96999	12
1.97165	12
1.97329	12
1.97493	12
1.97657	12
1.97821	12
1.97984	12
1.98147	12
1.98309	12
1.98471	12
1.98633	12
1.98795	12
1.98957	12
1.99119	12
1.9928	12
1.99442	12
1.99602	12
1.99763	12
1.99924	12
2.00083	12
2.00242	12
2.00401	12
2.00559	11
2.00717	11
2.00873	11
2.0103	11
2.01186	11
2.01342	11
2.01499	11
2.01655	11
2.01813	11
2.01971	11
2.0213	11
2.02289	11
2.02449	11
2.0261	11
2.02773	11
2.02936	11
2.03101	11
2.03266	11
2.03433	11
2.03601	11
2.0377	11
2.03941	11
2.04113	11
2.04286	11
2.0446	11
2.04635	11
2.04812	11
2.0499	11
2.0517	11
2.05351	12
2.05533	12
2.05716	12
2.05899	12
2.06083	12
2.06266	12
2.06449	12
2.06632	13
2.06814	13
2.06996	13
2.07177	13
2.07359	13
2.0754	13
2.07722	13
2.07905	14
2.08088	14
2.08272	14
2.08457	14
2.08643	14
2.0883	14
2.09018	14
2.09208	14
2.09397	14
2.09586	14
2.09775	14
2.09961	14
2.10147	15
2.10331	15
2.10513	15
2.10693	15
2.10873	15
2.11051	15
2.11227	15
2.11403	15
2.11578	15
2.11752	15
2.11926	15
2.121	15
2.12275	15
2.12449	15
2.12623	15
2.12798	14
2.12973	14
2.13147	14
2.13321	14
2.13496	14
2.13671	14
2.13845	14
2.14019	14
2.14194	14
2.14368	13
2.14543	13
2.14717	13
2.14891	13
2.15066	13
2.15241	13
2.15416	13
2.15593	13
2.15769	13
2.15946	13
2.16124	13
2.16303	13
2.16482	13
2.16661	13
2.16841	13
2.17022	13
2.17204	14
2.17385	14
2.17567	14
2.17747	14
2.17927	14
2.18106	14
2.18284	14
2.18461	14
2.18638	14
2.18813	14
2.18988	14
2.19162	14
2.19336	14
2.19509	14
2.19682	14
2.19856	14
2.2003	14
2.20205	14
2.20381	14
2.20558	14
2.20736	14
2.20915	14
2.21094	14
2.21275	14
2.21456	14
2.21638	15
2.21819	15
2.22001	15
2.22182	15
2.22363	15
2.22543	15
2.22723	15
2.22902	15
2.23081	15
2.2326	15
2.23439	15
2.23618	15
2.23798	15
2.23979	15
2.24161	15
2.24344	16
2.24529	16
2.24714	16
2.24901	16
2.25088	16
2.25276	16
2.25464	16
2.25652	16
2.25839	16
2.26025	16
2.26211	16
2.26395	16
2.26578	16
2.26761	16
2.26943	16
2.27124	16
2.27304	17
2.27483	17
2.27663	17
2.27843	17
2.28022	17
2.28202	17
2.28382	17
2.28562	17
2.28744	17
2.28925	17
2.29107	17
2.29288	16
2.29471	16
2.29653	16
2.29834	16
2.30015	16
2.30196	16
2.30376	16
2.30555	16
2.30733	16
2.3091	16
2.31088	16
2.31265	16
2.31443	16
2.3162	16
2.31798	16
2.31977	16
2.32157	16
2.32338	16
2.3252	16
2.32704	16
2.32888	16
2.33074	16
2.3326	16
2.33446	16
2.33632	16
2.33818	16
2.34004	16
2.34188	16
2.34372	16
2.34555	16
2.34737	16
2.34919	16
2.351	16
2.3528	16
2.3546	16
2.35641	16
2.35821	16
2.36002	16
2.36185	16
2.36368	16
2.36551	16
2.36736	16
2.36923	16
2.3711	16
2.37299	16
2.37487	16
2.37677	16
2.37867	16
2.38056	16
2.38245	16
2.38433	17
2.38622	17
2.3881	17
2.38998	17
2.39187	17
2.39376	17
2.39565	17
2.39756	17
2.39948	17
2.40143	17
2.40339	17
2.40537	17
2.40737	17
2.40939	17
2.41141	18
2.41345	18
2.45196	18
2.45389	17
2.45582	17
2.45774	17
2.45965	16
2.46155	15
2.46344	15
2.46533	14
2.4672	13
2.46907	13
2.47092	12
2.47277	12
2.47462	11
2.47646	11
2.47829	11
2.48012	11
2.48195	11
2.48379	10
2.48562	10
2.48746	10
2.4893	10
2.49116	10
2.49301	10
2.49487	10
2.49673	10
2.49858	10
2.50044	10
2.5023	10
2.50416	10
2.50602	10
2.50788	10
2.50974	10
2.51159	10
2.51345	10
2.51531	10
2.51717	10
2.51904	10
2.52092	10
2.52281	10
2.5247	10
2.5266	10
2.5285	10
2.53041	10
2.53232	10
2.53423	10
2.53614	10
2.53805	10
2.53995	10
2.54184	10
2.54372	10
2.54559	10
2.54746	10
2.54932	10
2.55117	10
2.55303	10
2.55489	10
2.55675	10
2.55861	10
2.5605	10
2.56239	10
2.56431	10
2.56623	10
2.56818	10
2.57014	10
2.57213	10
2.57413	10
2.57614	10
2.57816	10
2.58017	10
2.58218	10
2.58419	11
2.58619	11
2.58819	11
2.59019	11
2.59218	11
2.59418	11
2.59617	11
2.59818	11
2.60019	11
2.60223	11
2.60427	11
2.60634	11
2.60842	11
2.6105	11
2.61259	11
2.61469	11
2.61678	11
2.61886	11
2.62094	11
2.623	12
2.62505	12
2.62709	12
2.62912	12
2.63113	12
2.63314	12
2.63515	12
2.63714	12
2.63913	12
2.64112	12
2.64309	12
2.64507	12
2.64703	12
2.649	12
2.65096	12
2.65292	12
2.65487	12
2.65682	12
2.65876	11
2.6607	11
2.66265	11
2.6646	11
2.66656	11
2.66853	11
2.67049	11
2.67246	11
2.67444	11
2.67642	11
2.67842	11
2.68041	11
2.68241	11
2.68441	11
2.68641	11
2.68841	11
2.69039	11
2.69237	11
2.69434	11
2.69631	11
2.69827	11
2.70022	11
2.70217	11
2.70412	11
2.70606	11
2.708	11
2.70994	11
2.71188	11
2.71382	11
2.71575	11
2.71768	11
2.71961	11
2.72153	11
2.72344	11
2.72535	11
2.72725	11
2.72915	11
2.73106	11
2.73296	11
2.73487	10
2.73676	10
2.73866	10
2.74054	10
2.74242	10
2.7443	10
2.74616	10
2.74802	10
2.74987	10
2.75172	10
2.75355	10
2.75537	10
2.7572	10
2.75902	10
2.76084	10
2.76266	10
2.76449	10
2.76632	10
2.76815	10
2.76998	10
2.77182	9
2.77366	9
2.7755	9
2.77734	9
2.7792	9
2.78105	9
2.7829	9
2.78476	9
2.78662	9
2.78848	9
2.79035	9
2.79221	9
2.79408	9
2.79594	9
2.79781	9
2.79968	9
2.80155	9
2.80341	9
2.80527	9
2.80712	9
2.80897	9
2.81082	9
2.81266	9
2.81451	9
2.81635	9
2.81818	9
2.82001	9
2.82184	9
2.82366	9
2.82548	9
2.82729	9
2.82911	9
2.83093	9
2.83275	9
2.83456	9
2.83636	9
2.83817	9
2.83997	9
2.84177	9
2.84358	9
2.84538	9
2.84717	9
2.84897	9
2.85076	9
2.85255	9
2.85434	9
2.85613	9
2.85792	9
2.85971	9
2.8615	9
2.8633	9
2.8651	9
2.86689	9
2.86869	9
2.8705	9
2.8723	9
2.87411	9
2.87591	9
2.87772	9
2.87952	9
2.88132	9
2.88312	9
2.88493	9
2.88674	9
2.88854	9
2.89035	9
2.89216	9
2.89398	9
2.89579	9
2.89761	9
2.89944	9
2.90126	9
2.90309	9
2.90492	9
2.90675	9
2.90858	9
2.9104	9
2.91223	9
2.91405	9
2.91587	9
2.91768	9
2.91949	9
2.9213	9
2.92311	9
2.92491	9
2.92671	9
2.92851	9
2.93031	9
2.93211	9
2.93392	9
2.93573	9
2.93755	9
2.93936	9
2.94118	9
2.943	9
2.94482	9
2.94664	9
2.94846	9
2.95028	9
2.95209	9
2.9539	9
2.95571	9
2.95751	9
2.95931	9
2.9611	9
2.9629	9
2.96469	9
2.96648	9
2.96827	9
2.97006	9
2.97185	9
2.97366	9
2.97546	9
2.97727	9
2.97909	9
2.98091	9
2.98275	9
2.9846	9
2.98645	9
2.98831	9
2.99017	9
2.99205	9
2.99392	9
2.99579	9
2.99766	9
2.99953	9
3.0014	9
3.00327	9
3.00513	9
3.007	9
3.00887	9
3.01073	9
3.01261	9
3.01449	9
3.01637	9
3.01826	9
3.02015	10
3.02206	10
3.02396	10
3.02587	10
3.02778	10
3.02969	10
3.03161	10
3.03352	10
3.03543	10
3.03733	10
3.03923	10
3.04113	10
3.04302	10
3.04491	10
3.0468	10
3.0487	10
3.05059	10
3.05249	10
3.05439	10
3.05629	10
3.0582	10
3.06013	10
3.06206	10
3.064	10
3.06594	10
3.06789	10
3.06984	10
3.0718	10
3.07376	10
3.07572	11
3.07767	11
3.0796	11
3.08151	11
3.08342	11
3.08531	12
3.08718	12
3.08904	12
3.09089	12
3.09273	12
3.09456	12
3.09639	12
3.09821	12
3.10004	12
3.10187	12
3.10371	12
3.10554	12
3.10738	12
3.10922	12
3.11107	12
3.11291	12
3.11476	11
3.11661	11
3.11845	11
3.1203	11
3.12215	11
3.12399	11
3.12584	11
3.12769	11
3.12953	11
3.13138	11
3.13323	11
3.13507	11
3.13692	11
3.13877	11
3.14062	11
3.14246	11
3.14431	11
3.14615	11
3.14799	11
3.14984	11
3.15168	11
3.15352	11
3.15535	11
3.15719	11
3.15902	11
3.16086	11
3.16269	11
3.16452	11
3.16635	11
3.16818	11
3.17	11
3.17182	11
3.17365	11
3.17547	11
3.17729	11
3.17911	11
3.18094	11
3.18276	11
3.18458	11
3.18641	11
3.18823	11
3.19005	11
3.19188	11
3.1937	11
3.19552	11
3.19734	11
3.19916	11
3.20097	11
3.20279	11
3.2046	11
3.20641	11
3.20822	11
3.21003	11
3.21184	11
3.21364	11
3.21545	11
3.21725	11
3.21904	11
3.22083	11
3.22263	11
3.22442	11
3.2262	11
3.22799	11
3.22977	11
3.23156	11
3.23334	11
3.23512	11
3.2369	10
3.23868	10
3.24046	10
3.24224	10
3.24402	10
3.2458	10
3.24759	10
3.24937	10
3.25115	10
3.25293	10
3.25471	10
3.25649	10
3.25826	10
3.26002	10
3.26178	10
3.26353	10
3.26527	10
3.26701	10
3.26874	10
3.27046	10
3.27217	10
3.27387	10
3.27558	10
3.27728	10
3.27897	10
3.28067	10
3.28236	10
3.28405	10
3.28573	10
3.28742	10
3.28911	10
3.29081	9
3.2925	9
3.2942	9
3.29591	9
3.29762	9
3.29933	9
3.30105	9
3.30279	9
3.30452	9
3.30626	9
3.30801	9
3.30977	9
3.31153	9
3.3133	9
3.31507	9
3.31685	9
3.31863	9
3.32041	9
3.32219	9
3.32398	9
3.32577	9
3.32757	9
3.32936	10
3.33115	10
3.33294	10
3.33473	10
3.33651	10
3.3383	10
3.34009	10
3.34187	10
3.34365	10
3.34544	10
3.34722	10
3.349	10
3.35078	10
3.35256	10
3.35434	10
3.35613	10
3.35791	10
3.35969	10
3.36147	10
3.36324	10
3.36501	10
3.36678	10
3.36854	10
3.37031	10
3.37206	10
3.37381	10
3.37556	10
3.37731	10
3.37905	10
3.3808	10
3.38255	10
3.38431	10
3.38607	10
3.38784	10
3.38961	10
3.39139	10
3.39317	10
3.39496	10
3.39675	10
3.39855	10
3.40034	10
3.40214	10
3.40394	10
3.40574	10
3.40754	10
3.40934	10
3.41115	10
3.41296	10
3.41477	10
3.4166	10
3.41843	10
3.42027	10
3.42213	10
3.424	10
3.42587	10
3.42776	10
3.42965	10
3.43156	11
3.43348	11
3.4354	11
3.43733	11
3.43926	11
3.4412	11
3.44314	11
3.44509	11
3.44704	12
3.44899	12
3.45095	12
3.45291	12
3.45488	12
3.45685	12
3.45884	12
3.46084	12
3.46284	12
3.46486	12
3.46688	12
3.46892	12
3.47096	12
3.47302	12
3.47508	13
3.47715	13
3.47923	13
3.48131	13
3.48338	13
3.48545	13
3.48752	14
3.48959	14
3.49166	14
3.49373	14
3.4958	14
3.49787	14
3.49995	14
3.50204	14
3.50415	14
3.50626	14
3.50838	14
3.51051	14
3.51265	14
3.5148	14
3.51696	14
3.51913	15
3.52129	15
3.52346	15
3.52562	15
3.52778	15
3.52995	15
3.5321	15
3.53424	15
3.53638	15
3.5385	15
3.5406	15
3.54269	15
3.54476	15
3.54682	15
3.54886	15
3.55089	15
3.5529	15
3.5549	15
3.55687	15
3.55883	15
3.56076	15
3.56267	15
3.56457	15
3.56645	14
3.56831	14
3.57015	14
3.57198	14
3.57379	14
3.5756	14
3.5774	14
3.57921	13
3.581	13
3.5828	13
3.58459	13
3.58637	13
3.58815	13
3.58993	12
3.59171	12
3.59348	12
3.59525	12
3.59701	12
3.59877	11
3.60052	11
3.60225	11
3.60397	11
3.60568	11
3.60738	11
3.60906	11
3.61073	10
3.61237	10
3.61399	10
3.61559	10
3.61718	10
3.61874	10
3.6203	10
3.62185	9
3.62339	9
3.62492	9
3.62645	9
3.62797	9
3.62949	9
3.63101	8
3.63253	8
3.63406	8
3.63559	8
3.63712	8
3.63865	8
3.64018	8
3.64171	7
3.64324	7
3.64477	7
3.6463	7
3.64782	7
3.64934	7
3.65086	7
3.65238	7
3.65389	7
3.6554	7
3.65691	7
3.65841	7
3.65991	6
3.66139	6
3.66287	6
3.66434	6
3.66581	6
3.66726	6
3.66871	6
3.67015	6
3.67157	6
3.67299	6
3.67438	6
3.67577	6
3.67715	6
3.67852	6
3.67989	6
3.68126	6
3.68262	5
3.68398	5
3.68534	5
3.6867	5
3.68806	5
3.68941	5
3.69077	5
3.69212	5
3.69348	5
3.69484	5
3.6962	5
3.69756	4
3.69892	4
3.70028	4
3.70164	4
3.703	4
3.70436	4
3.70572	4
3.70707	4
3.70843	4
3.70978	4
3.71112	4
3.71247	4
3.71381	4
3.71514	4
3.71648	4
3.7178	4
3.71912	4
3.72043	4
3.72173	4
3.72302	4
3.7243	4
3.72558	4
3.72685	4
3.72812	4
3.72937	4
3.73063	3
3.73187	3
3.73311	3
3.73434	3
3.73557	3
3.73679	3
3.738	3
3.73921	3
3.74041	3
3.74161	3
3.7428	2
3.744	2
3.74519	2
3.74637	2
3.74755	2
3.74873	2
3.7499	2
3.75106	2
3.75222	2
3.75338	2
3.75454	2
3.75569	2
3.75684	2
3.75799	1
3.75913	1
3.76027	1
3.7614	1
3.76253	1
3.76365	1
3.76477	1
3.76589	1
3.76703	1
3.7682	1
3.76935	1
3.77051	1
3.77166	1
3.77281	1
3.77396	1
3.7751	1
3.77624	1
3.77737	1
3.7785	1
3.77963	1
3.78075	1
3.78187	1
3.78298	1
3.78413	1
3.78529	1
3.78645	1
3.7876	1
3.78875	1
3.7899	1
3.79105	1
3.79219	1
3.79333	1
3.79446	1
3.79559	1
3.79672	1
3.79784	1
3.79896	1
3.80007	1
3.80121	1
3.80237	1
3.80353	1
3.80468	1
3.80583	1
3.80698	1
3.80812	1
3.80926	1
3.8104	1
3.81153	1
3.81266	1
3.81379	1
3.81491	1
3.81603	1
3.81714	1
3.81828	1
3.81944	1
3.8206	1
3.82175	1
3.8229	1
3.82404	1
3.82519	1
3.82633	1
3.82747	1
3.8286	1
3.82973	1
3.83085	1
3.83198	1
3.83309	1
3.8342	1
3.83534	1
3.8365	1
3.83766	1
3.83881	1
3.83996	1
3.8411	1
3.84225	1
3.84339	1
3.84452	1
3.84565	1
3.84678	1
3.84791	1
3.84903	1
3.85014	1
3.85125	1
3.85239	1
3.85355	1
3.8547	1
3.85585	1
3.857	1
3.85814	1
3.85929	1
3.86043	1
3.86156	1
3.86269	1
3.86382	1
3.86495	1
3.86607	1
3.86718	1
3.86829	1
3.86943	1
3.87059	1
3.87175	1
3.8729	1
3.87405	1
3.87519	1
3.87634	1
3.87748	1
3.87861	1
3.87974	1
3.88087	1
3.882	1
3.88312	1
3.88423	1
3.88534	1
3.88648	1
3.88764	1
3.8888	1
3.88995	1
3.89109	1
3.89224	1
3.89338	1
3.89453	1
3.89566	1
3.89679	1
3.89792	1
3.89905	1
3.90017	1
3.90129	1
3.9024	1
3.90354	1
3.9047	1
3.90586	1
3.90701	1
3.90816	1
3.9093	1
3.91045	1
3.91159	1
3.91273	1
3.91386	1
3.91499	1
3.91612	1
3.91725	1
3.91836	1
3.91947	1
3.92061	1
3.92177	1
3.92293	1
3.92408	1
3.92523	1
3.92638	1
3.92753	1
3.92867	1
3.92981	1
3.93094	1
3.93207	1
3.9332	1
3.93433	1
3.93544	1
3.93655	1
3.93769	1
3.93885	1
3.94001	1
3.94116	1
3.94231	1
3.94346	1
3.9446	1
3.94575	1
3.94689	1
3.94802	1
3.94915	1
3.95027	1
3.9514	1
3.95251	1
3.95362	1
3.95475	1
3.95592	1
3.95707	1
3.95822	1
3.95937	1
3.96051	1
3.96165	1
3.9628	1
3.96394	1
3.96506	1
3.96619	1
3.96731	1
3.96844	1
3.96955	1
3.97066	1
3.97179	1
3.97295	1
3.97411	1
3.97526	1
3.97641	1
3.97755	1
3.97869	1
3.97984	1
3.98097	1
3.9821	1
3.98322	1
3.98435	1
3.98547	1
3.98658	1
3.98769	1
3.98882	1
3.98998	1
3.99113	1
3.99228	1
3.99342	1
3.99456	1
3.9957	1
3.99684	1
3.99797	1
3.99909	1
4.00022	1
4.00134	1
4.00246	1
4.00357	1
4.00467	1
4.0058	1
4.00696	1
4.00811	1
4.00925	1
4.0104	1
4.01153	1
4.01267	1
4.01381	1
4.01494	1
4.01606	1
4.01718	1
4.01831	1
4.01943	1
4.02053	1
4.02163	1
4.02276	1
4.02392	1
4.02506	1
4.02621	1
4.02735	1
4.02848	1
4.02962	1
4.03076	1
4.03189	1
4.033	1
4.03412	1
4.03524	1
4.03636	1
4.03746	1
4.03856	1
4.03969	1
4.04199	0
4.04313	0
4.04427	0
4.0454	0
4.04654	0
4.04767	0
4.0488	0
4.04991	0
4.05103	0
4.05215	0
4.05327	0
4.05437	0
4.05547	0
4.05659	0
4.05774	0
4.05889	0
4.06003	0
4.06117	0
4.06229	0
4.06343	0
4.06456	0
4.06568	0
4.0668	0
4.06791	0
4.06903	0
4.07014	0
4.07124	0
4.07234	0
4.07346	0
4.0746	0
4.07575	0
4.07688	0
4.07802	0
4.07914	0
4.08027	0
4.0814	0
4.08253	0
4.08364	0
4.08475	0
4.08586	0
4.08698	0
4.08807	0
4.08917	0
4.09029	0
4.09143	0
4.09257	0
4.09371	0
4.09484	0
4.09597	0
4.0971	0
4.09823	0
4.09935	0
4.10046	0
4.10157	0
4.10268	0
4.1038	0
4.10489	0
4.10599	0
4.1071	0
4.10825	0
4.10939	0
4.11052	0
4.11166	0
4.11278	0
4.11391	0
4.11504	0
4.11616	0
4.11727	0
4.11838	0
4.11949	0
4.1206	0
4.1217	0
4.12279	0
4.12391	0
4.12505	0
4.1262	0
4.12733	0
4.12846	0
4.12958	0
4.13071	0
4.13184	0
4.13296	0
4.13407	0
4.13518	0
4.13629	0
4.13741	0
4.1385	0
4.1396	0
4.14072	0
4.14186	0
4.14301	0
4.14414	0
4.14527	0
4.1464	0
4.14753	0
4.14866	0
4.14978	0
4.15089	0
4.15201	0
4.15312	0
4.15424	0
4.15534	0
4.15643	0
4.15756	0
4.1587	0
4.15985	0
4.16098	0
4.16212	0
4.16324	0
4.16438	0
4.16551	0
4.16664	0
4.16775	0
4.16886	0
4.16998	0
4.17109	0
4.17219	0
4.17329	0
4.17441	0
4.17556	0
4.1767	0
4.17783	0
4.17897	0
4.18009	0
4.18123	0
4.18236	0
4.18348	0
4.18459	0
4.18571	0
4.18682	0
4.18794	0
4.18904	0
4.19013	0
4.19126	0
4.1924	0
4.19354	0
4.19468	0
4.19581	0
4.19694	0
4.19807	0
4.19921	0
4.20033	0
4.20144	0
4.20256	0
4.20368	0
4.2048	0
4.2059	0
4.20699	0
4.20812	0
4.20927	0
4.21041	0
4.21155	0
4.21269	0
4.21382	0
4.21495	0
4.21609	0
4.21722	0
4.21834	0
4.21946	0
4.22058	0
4.2217	0
4.2228	0
4.2239	0
4.22502	0
4.22617	0
4.22732	0
4.22846	0
4.2296	0
4.23073	0
4.23187	0
4.233	0
4.23413	0
4.23524	0
4.23636	0
4.23748	0
4.2386	0
4.2397	0
4.24081	0
4.24193	0
4.24308	0
4.24423	0
4.24537	0
4.2465	0
4.24763	0
4.24877	0
4.24991	0
4.25104	0
4.25215	0
4.25327	0
4.25439	0
4.25552	0
4.25662	0
4.25772	0
4.25885	0
4.26	0
4.26115	0
4.26229	0
4.26343	0
4.26457	0
4.26571	0
4.26685	0
4.26798	0
4.2691	0
4.27022	0
4.27135	0
4.27247	0
4.27358	0
4.27469	0
4.27582	0
4.27698	0
4.27814	0
4.27928	0
4.28043	0
4.28156	0
4.28271	0
4.28385	0
4.28498	0
4.28611	0
4.28723	0
4.28836	0
4.28949	0
4.29061	0
4.29172	0
4.29285	0
4.29401	1
4.29517	1
4.29631	1
4.29746	1
4.2986	1
4.29974	1
4.30089	1
4.30202	1
4.30315	1
4.30427	1
4.3054	1
4.30654	1
4.30765	1
4.30877	1
4.3099	1
4.31106	1
4.31222	1
4.31337	1
4.31452	1
4.31566	1
4.31681	1
4.31796	1
4.3191	1
4.32023	1
4.32136	1
4.3225	1
4.32364	1
4.32476	1
4.32588	1
4.32701	1
4.32818	1
4.32935	1
4.3305	1
4.33165	1
4.3328	1
4.33396	1
4.33512	1
4.33626	1
4.33741	1
4.33855	1
4.33971	1
4.34087	1
4.34204	1
4.34321	1
4.34439	1
4.34557	1
4.34676	1
4.34795	1
4.34915	1
4.35036	1
4.35157	1
4.35279	1
4.35401	1
4.35524	1
4.35647	1
4.3577	1
4.35894	1
4.36019	1
4.36144	1
4.3627	1
4.36396	1
4.36523	1
4.36651	2
4.36779	2
4.36907	2
4.37035	2
4.37163	2
4.37291	2
4.37419	2
4.37546	2
4.37673	2
4.37798	2
4.37923	2
4.38047	2
4.3817	2
4.38291	2
4.38412	2
4.38531	2
4.38649	2
4.38767	2
4.38883	2
4.38999	2
4.39115	2
4.39229	2
4.39343	2
4.39456	2
4.39568	2
4.3968	2
4.39792	2
4.39903	2
4.40014	2
4.40125	1
4.40244	1
4.40362	1
4.40479	1
4.40595	1
4.40711	1
4.40826	1
4.4094	1
4.41054	1
4.41167	1
4.4128	1
4.41392	1
4.41503	1
4.41615	1
4.41726	1
4.41836	1
4.41956	1
4.42074	1
4.42191	1
4.42308	1
4.42424	1
4.42539	1
4.42653	1
4.42767	1
4.42881	1
4.42994	1
4.43106	1
4.43217	1
4.43329	1
4.43441	1
4.43552	1
4.4367	1
4.43788	1
4.43906	1
4.44023	1
4.44139	1
4.44254	1
4.44368	1
4.44482	1
4.44596	1
4.44709	1
4.44822	1
4.44934	1
4.45048	1
4.45161	1
4.45275	1
4.45389	1
4.45505	1
4.45623	1
4.4574	1
4.45856	1
4.45971	1
4.46087	1
4.46202	1
4.46318	1
4.46434	1
4.4655	1
4.46666	1
4.46782	1
4.46898	1
4.47015	1
4.47131	1
4.47247	1
4.47363	1
4.47478	1
4.47594	1
4.47709	1
4.47824	1
4.47938	1
4.48053	1
4.48166	1
4.4828	1
4.48393	1
4.48506	1
4.48618	1
4.4873	1
4.48845	1
4.48961	1
4.49076	1
4.49191	1
4.49306	1
4.49421	1
4.49535	1
4.49649	1
4.49763	1
4.49877	1
4.4999	1
4.50103	1
4.50215	1
4.50328	1
4.5044	1
4.50554	1
4.50669	1
4.50785	1
4.509	1
4.51015	1
4.51129	1
4.51244	1
4.51358	1
4.51472	1
4.51585	1
4.51699	1
4.51812	1
4.51924	1
4.52037	1
4.52149	1
4.52263	1
4.52378	1
4.52494	1
4.52609	1
4.52724	1
4.52838	1
4.52953	1
4.53067	1
4.53181	1
4.53294	1
4.53407	1
4.5352	1
4.53633	1
4.53745	1
4.53857	1
4.53972	1
4.54087	1
4.54203	1
4.54318	1
4.54433	1
4.54547	1
4.54662	1
4.54776	1
4.5489	1
4.55004	1
4.55117	1
4.5523	1
4.55343	1
4.55456	1
4.55568	1
4.55683	1
4.55798	1
4.55914	1
4.56029	1
4.56144	1
4.56258	1
4.56373	1
4.56487	1
4.56601	1
4.56715	1
4.56828	1
4.56941	1
4.57054	1
4.57167	1
4.57279	1
4.57394	1
4.57509	1
4.57624	1
4.57739	1
4.57854	1
4.57969	1
4.58083	1
4.58198	1
4.58312	1
4.58425	1
4.58539	1
4.58652	1
4.58765	1
4.58878	1
4.5899	1
4.59105	1
4.5922	1
4.59336	1
4.59451	1
4.59566	1
4.59681	1
4.59796	1
4.5991	1
4.60025	1
4.60139	1
4.60252	1
4.60366	1
4.60479	1
4.60592	1
4.60704	1
4.60819	1
4.60935	1
4.61051	1
4.61166	1
4.61282	1
4.61396	1
4.61511	1
4.61626	1
4.6174	1
4.61854	1
4.61968	1
4.62081	1
4.62195	1
4.62308	1
4.62421	1
4.62535	1
4.62651	1
4.62766	1
4.62882	1
4.62997	1
4.63112	1
4.63227	1
4.63342	1
4.63456	1
4.6357	1
4.63684	1
4.63797	1
4.63911	1
4.64025	1
4.64138	1
4.64252	1
4.64367	1
4.64483	1
4.64598	1
4.64714	1
4.64829	1
4.64944	1
4.65058	1
4.65173	1
4.65287	1
4.65402	1
4.65516	1
4.65631	1
4.65746	1
4.65861	1
4.65976	1
4.66092	1
4.66208	1
4.66324	1
4.6644	1
4.66556	1
4.66673	1
4.6679	1
4.66908	2
4.67025	2
4.67143	2
4.67261	2
4.6738	2
4.67499	2
4.67618	2
4.67737	2
4.67857	2
4.67977	2
4.68097	2
4.68217	2
4.68338	2
4.68459	2
4.6858	2
4.68701	2
4.68823	2
4.68944	2
4.69066	2
4.69188	2
4.69311	3
4.69434	3
4.69557	3
4.69679	3
4.69802	3
4.69925	3
4.70047	3
4.7017	3
4.70292	3
4.70415	3
4.70537	3
4.7066	3
4.70782	3
4.70904	3
4.71026	3
4.71147	3
4.71269	3
4.71389	3
4.7151	3
4.7163	3
4.7175	3
4.7187	3
4.7199	3
4.72109	3
4.72229	3
4.72348	3
4.72467	3
4.72586	3
4.72704	3
4.72823	3
4.72941	3
4.7306	3
4.73179	3
4.73297	3
4.73416	3
4.73535	3
4.73655	3
4.73774	3
4.73894	3
4.74014	3
4.74134	3
4.74255	3
4.74375	3
4.74496	3
4.74617	3
4.74739	3
4.7486	3
4.74981	3
4.75103	3
4.75224	3
4.75346	3
4.75468	3
4.75589	3
4.75711	3
4.75833	3
4.75955	3
4.76077	3
4.76199	3
4.76321	3
4.76444	3
4.76567	3
4.7669	3
4.76813	3
4.76937	3
4.7706	3
4.77184	3
4.77309	3
4.77433	3
4.77558	3
4.77684	3
4.7781	3
4.77936	3
4.78063	3
4.7819	3
4.78317	3
4.78445	3
4.78573	3
4.78701	3
4.7883	3
4.78959	3
4.79089	3
4.79219	4
4.79349	4
4.79479	4
4.7961	4
4.7974	4
4.79871	4
4.80001	4
4.80132	4
4.80262	4
4.80392	4
4.80522	4
4.80651	4
4.80781	4
4.80911	4
4.8104	4
4.81169	4
4.81298	4
4.81427	4
4.81555	4
4.81683	4
4.81812	4
4.81939	4
4.82067	4
4.82195	4
4.82323	4
4.8245	4
4.82578	4
4.82705	4
4.82833	4
4.8296	4
4.83088	4
4.83215	4
4.83343	4
4.8347	4
4.83598	4
4.83725	4
4.83853	4
4.83981	4
4.84108	4
4.84236	4
4.84364	4
4.84492	4
4.84619	4
4.84747	4
4.84873	4
4.85	4
4.85126	4
4.85253	4
4.85378	4
4.85504	4
4.85629	4
4.85754	4
4.85879	4
4.86003	4
4.86126	4
4.86248	4
4.8637	4
4.86492	4
4.86612	4
4.86733	4
4.86852	4
4.86971	4
4.8709	3
4.87207	3
4.87324	3
4.87439	3
4.87554	3
4.87668	3
4.87782	3
4.87895	3
4.88007	3
4.88119	3
4.8823	3
4.88341	3
4.88452	3
4.88562	2
4.88672	2
4.88781	2
4.8889	2
4.88998	2
4.89106	2
4.89214	2
4.89325	2
4.89438	2
4.89551	2
4.89663	2
4.89775	2
4.89886	1
4.89997	1
4.90108	1
4.90218	1
4.90327	1
4.90436	1
4.90545	1
4.90653	1
4.90761	1
4.90868	1
4.90979	1
4.91092	1
4.91205	1
4.91317	1
4.91429	1
4.9154	1
4.91651	1
4.91761	1
4.91871	1
4.9198	1
4.92089	1
4.92197	1
4.92305	1
4.92413	1
4.92521	1
4.92631	1
4.92744	1
4.92857	1
4.92969	1
4.9308	1
4.93192	1
4.93302	1
4.93413	1
4.93522	1
4.93632	1
4.9374	1
4.93849	1
4.93957	1
4.94065	1
4.94172	1
4.94283	1
4.94396	1
4.94508	1
4.9462	1
4.94731	1
4.94843	1
4.94953	1
4.95063	1
4.95173	1
4.95282	1
4.95391	1
4.955	1
4.95607	1
4.95715	1
4.95822	1
4.95933	1
4.96046	1
4.96158	1
4.9627	1
4.96382	1
4.96493	1
4.96603	1
4.96714	1
4.96823	1
4.96932	1
4.97041	1
4.9715	1
4.97258	1
4.97366	1
4.97473	1
4.97584	1
4.97697	1
4.9781	1
4.97922	1
4.98034	1
4.98145	1
4.98256	1
4.98367	1
4.98477	1
4.98587	1
4.98696	1
4.98805	1
4.98913	1
4.99021	1
4.99129	1
4.9924	1
4.99353	1
4.99466	1
4.99579	1
4.99691	1
4.99802	1
4.99913	1
5.00024	1
5.00134	1
5.00244	1
5.00353	1
5.00463	1
5.00573	1
5.00683	1
5.00793	1
5.00903	1
5.01013	1
5.01124	1
5.01236	1
5.01348	1
5.0146	1
5.01571	1
5.01682	1
5.01793	1
5.01904	1
5.02014	1
5.02125	1
5.02235	1
5.02345	1
5.02455	1
5.02564	1
5.02673	1
5.02782	1
5.02893	1
5.03005	1
5.03116	1
5.03227	1
5.03338	1
5.03449	1
5.0356	1
5.0367	1
5.0378	1
5.0389	1
5.04	1
5.0411	1
5.04219	1
5.04329	1
5.04438	1
5.04549	1
5.04661	1
5.04772	1
5.04883	1
5.04993	1
5.05104	1
5.05215	1
5.05326	1
5.05436	1
5.05546	1
5.05656	1
5.05766	1
5.05875	1
5.05984	1
5.06093	1
5.06204	1
5.06316	1
5.06427	1
5.06538	1
5.06649	1
5.0676	1
5.0687	1
5.06981	1
5.07091	1
5.07202	1
5.07311	1
5.07421	1
5.0753	1
5.0764	1
5.07749	1
5.0786	1
5.07972	1
5.08083	1
5.08194	1
5.08305	1
5.08416	1
5.08527	1
5.08637	1
5.08748	1
5.08858	1
5.08968	1
5.09078	1
5.09187	1
5.09297	1
5.09406	1
5.09517	1
5.09629	1
5.09741	1
5.09852	1
5.09962	1
5.10073	1
5.10184	1
5.10295	1
5.10405	1
5.10515	1
5.10626	1
5.10736	1
5.10846	1
5.10956	1
5.11066	1
5.11175	1
5.11286	1
5.11397	1
5.11508	1
5.11619	1
5.1173	1
5.1184	1
5.11951	1
5.12061	1
5.12171	1
5.12282	1
5.12392	1
5.12502	1
5.12611	1
5.12721	1
5.1283	1
5.12941	1
5.13053	1
5.13163	1
5.13274	1
5.13385	1
5.13495	1
5.13606	1
5.13716	1
5.13826	1
5.13936	1
5.14046	1
5.14156	1
5.14265	1
5.14375	1
5.14484	1
5.14595	1
5.14706	1
5.14817	1
5.14927	1
5.15038	1
5.15148	1
5.15258	1
5.15369	1
5.15478	1
5.15588	1
5.15698	1
5.15808	1
5.15917	1
5.16027	1
5.16136	1
5.16247	1
5.16358	1
5.16468	1
5.16579	1
5.16689	1
5.168	1
5.1691	1
5.1702	1
5.1713	1
5.1724	1
5.1735	1
5.1746	1
5.17569	1
5.17679	1
5.17788	1
5.17899	1
5.1801	1
5.1812	1
5.18231	1
5.18342	1
5.18452	1
5.18562	1
5.18672	1
5.18782	1
5.18892	1
5.19002	1
5.19112	1
5.19222	1
5.19331	1
5.1944	1
5.19551	1
5.19662	1
5.19773	1
5.19883	1
5.19994	1
5.20104	1
5.20214	1
5.20324	1
5.20434	1
5.20544	1
5.20654	1
5.20764	1
5.20874	1
5.20983	1
5.21092	1
5.21203	1
5.21314	1
5.21425	1
5.21535	1
5.21645	1
5.21756	1
5.21866	1
5.21976	1
5.22086	1
5.22196	1
5.22306	1
5.22416	1
5.22526	1
5.22635	1
5.22744	1
5.22855	1
5.22966	1
5.23076	1
5.23187	1
5.23297	1
5.23408	1
5.23518	1
5.23628	1
5.23738	1
5.23848	1
5.23958	1
5.24068	1
5.24177	1
5.24287	1
5.24396	1
5.24507	1
5.24618	1
5.24728	1
5.24838	1
5.24949	1
5.25059	1
5.25169	1
5.25279	1
5.25389	1
5.25499	1
5.25609	1
5.25718	1
5.25828	1
5.25937	1
5.26046	1
5.26157	1
5.26268	1
5.26378	1
5.26489	1
5.26599	1
5.2671	1
5.2682	1
5.2693	1
5.2704	1
5.27149	1
5.27259	1
5.27369	1
5.27479	1
5.27588	1
5.27697	1
5.27808	1
5.27919	1
5.28029	1
5.2814	1
5.2825	1
5.28361	1
5.28471	1
5.28581	1
5.28691	1
5.28801	1
5.28911	1
5.29021	1
5.2913	1
5.29239	1
5.29348	1
5.29459	1
5.2957	1
5.2968	1
5.29791	1
5.29901	1
5.30012	1
5.30122	1
5.30232	1
5.30342	1
5.30452	1
5.30562	1
5.30672	1
5.30782	1
5.30891	1
5.31	1
5.31111	1
5.31223	1
5.31333	1
5.31444	1
5.31554	1
5.31665	1
5.31776	1
5.31886	1
5.31996	1
5.32106	1
5.32216	1
5.32326	1
5.32436	1
5.32545	1
5.32654	1
5.32765	1
5.32877	1
5.32987	1
5.33098	1
5.33209	1
5.33319	1
5.3343	1
5.33539	1
5.3365	1
5.3376	1
5.33869	1
5.33979	1
5.34089	1
5.34198	1
5.34307	1
5.34418	1
5.34529	1
5.3464	1
5.3475	1
5.34861	1
5.34971	1
5.35081	1
5.35191	1
5.35301	1
5.3541	1
5.3552	1
5.3563	1
5.35739	1
5.35848	1
5.35957	1
5.36068	1
5.36179	1
5.36289	1
5.364	1
5.3651	1
5.3662	1
5.3673	1
5.3684	1
5.3695	1
5.37059	1
5.37169	1
5.37278	1
5.37388	1
5.37497	1
5.37606	1
5.37716	1
5.37827	1
5.37937	1
5.38048	1
5.38158	1
5.38268	1
5.38378	1
5.38488	1
5.38597	1
5.38707	1
5.38816	1
5.38926	1
5.39035	1
5.39144	1
5.39253	1
5.39363	1
5.39474	1
5.39584	1
5.39695	1
5.39805	1
5.39915	1
5.40025	1
5.40134	1
5.40244	1
5.40353	1
5.40463	1
5.40572	1
5.40681	1
5.4079	1
5.40899	1
5.4101	1
5.41121	1
5.41231	1
5.41341	1
5.41451	1
5.41561	1
5.41671	1
5.4178	1
5.4189	1
5.41999	1
5.42109	1
5.42219	1
5.42328	1
5.42437	1
5.42545	1
5.42656	1
5.42767	1
5.42877	1
5.42987	1
5.43097	1
5.43208	1
5.43317	1
5.43427	1
5.43536	1
5.43646	1
5.43755	1
5.43865	1
5.43974	1
5.44083	1
5.44192	1
5.44302	1
5.44413	1
5.44523	1
5.44634	1
5.44744	1
5.44854	1
5.44964	1
5.45074	1
5.45183	1
5.45293	1
5.45402	1
5.45512	1
5.45621	1
5.4573	1
5.45839	1
5.45949	1
5.46061	1
5.46171	1
5.46281	1
5.46392	1
5.46502	1
5.46612	1
5.46722	1
5.46831	1
5.46941	1
5.47051	1
5.47161	1
5.4727	1
5.47379	1
5.47488	1
5.47599	1
5.47711	1
5.47821	1
5.47932	1
5.48042	1
5.48153	1
5.48263	1
5.48372	1
5.48483	1
5.48592	1
5.48702	1
5.48812	1
5.48922	1
5.49031	1
5.4914	1
5.49251	1
5.49362	1
5.49473	1
5.49584	1
5.49694	1
5.49805	1
5.49915	1
5.50024	1
5.50135	1
5.50244	1
5.50354	1
5.50464	1
5.50574	1
5.50683	1
5.50792	1
5.50903	1
5.51015	1
5.51125	1
5.51236	1
5.51346	1
5.51457	1
5.51567	1
5.51677	1
5.51787	1
5.51897	1
5.52007	1
5.52117	1
5.52227	1
5.52336	1
5.52445	1
5.52556	1
5.52668	1
5.52778	1
5.52889	1
5.52999	1
5.5311	1
5.5322	1
5.5333	1
5.5344	1
5.5355	1
5.5366	1
5.53769	1
5.53879	1
5.53988	1
5.54097	1
5.54208	1
5.5432	1
5.5443	1
5.54541	1
5.54651	1
5.54762	1
5.54872	1
5.54982	1
5.55092	1
5.55201	1
5.55311	1
5.55421	1
5.5553	1
5.55639	1
5.55749	1
5.5586	1
5.55971	1
5.56081	1
5.56192	1
5.56302	1
5.56413	1
5.56523	1
5.56633	1
5.56742	1
5.56852	1
5.56962	1
5.57071	1
5.57181	1
5.5729	1
5.57399	1
5.5751	1
5.57621	1
5.57732	1
5.57842	1
5.57952	1
5.58063	1
5.58173	1
5.58283	1
5.58392	1
5.58502	1
5.58611	1
5.58721	1
5.58831	1
5.58939	1
5.59049	1
5.59159	1
5.59271	1
5.59381	1
5.59492	1
5.59602	1
5.59713	1
5.59823	1
5.59932	1
5.60042	1
5.60151	1
5.6026	1
5.6037	1
5.60479	1
5.60588	1
5.60697	1
5.60808	1
5.60919	1
5.6103	1
5.6114	1
5.6125	1
5.61361	1
5.61471	1
5.6158	1
5.61689	1
5.61799	1
5.61908	1
5.62018	1
5.62127	1
5.62236	1
5.62345	1
5.62456	1
5.62567	1
5.62677	1
5.62787	1
5.62897	1
5.63008	1
5.63118	1
5.63227	1
5.63336	1
5.63446	1
5.63555	1
5.63665	1
5.63774	1
5.63883	1
5.63992	1
5.64103	1
5.64214	1
5.64324	1
5.64434	1
5.64544	1
5.64655	1
5.64765	1
5.64874	1
5.64983	1
5.65093	1
5.65202	1
5.65312	1
5.65421	1
5.6553	1
5.65639	1
5.65749	1
5.6586	1
5.65971	1
5.66081	1
5.66191	1
5.66302	1
5.66411	1
5.66521	1
5.6663	1
5.66739	1
5.66848	1
5.66958	1
5.67067	1
5.67176	1
5.67285	1
5.67396	1
5.67507	1
5.67617	1
5.67727	1
5.67837	1
5.67948	1
5.68057	1
5.68167	1
5.68276	1
5.68385	1
5.68495	1
5.68605	1
5.68714	1
5.68822	1
5.68932	1
5.69042	1
5.69153	1
5.69264	1
5.69374	1
5.69484	1
5.69595	1
5.69705	1
5.69814	1
5.69924	1
5.70033	1
5.70142	1
5.70252	1
5.70361	1
5.7047	1
5.70579	1
5.7069	1
5.70801	1
5.70911	1
5.71022	1
5.71132	1
5.71243	1
5.71353	1
5.71462	1
5.71572	1
5.71681	1
5.71791	1
5.71901	1
5.7201	1
5.72119	1
5.72228	1
5.72339	1
5.7245	1
5.72561	1
5.72671	1
5.72781	1
5.72892	1
5.73002	1
5.73112	1
5.73222	1
5.73331	1
5.73441	1
5.73551	1
5.7366	1
5.73769	1
5.73879	1
5.7399	1
5.74101	1
5.74212	1
5.74323	1
5.74433	1
5.74544	1
5.74654	1
5.74764	1
5.74874	1
5.74984	1
5.75094	1
5.75204	1
5.75314	1
5.75423	1
5.75532	1
5.75644	1
5.75756	1
5.75866	1
5.75977	1
5.76088	1
5.76199	1
5.7631	1
5.7642	1
5.7653	1
5.76639	1
5.7675	1
5.7686	1
5.7697	1
5.77079	1
5.77189	1
5.773	1
5.77412	1
5.77523	1
5.77634	1
5.77744	1
5.77856	1
5.77966	1
5.78076	1
5.78187	1
5.78296	1
5.78407	1
5.78517	1
5.78627	1
5.78737	1
5.78847	1
5.78958	1
5.7907	1
5.7918	1
5.79292	1
5.79402	1
5.79514	1
5.79625	1
5.79737	1
5.79848	1
5.7996	1
5.80073	1
5.80185	1
5.80297	1
5.8041	1
5.80523	1
5.80636	1
5.80749	1
5.80862	1
5.80975	1
5.81089	1
5.81202	1
5.81316	1
5.8143	1
5.81545	1
5.81659	1
5.81774	1
5.81888	1
5.82003	2
5.82118	2
5.82233	2
5.82349	2
5.82464	2
5.8258	2
5.82696	2
5.82813	2
5.8293	2
5.83047	2
5.83165	2
5.83282	2
5.834	2
5.83519	2
5.83637	2
5.83756	2
5.83876	2
5.83996	2
5.84116	2
5.84237	2
5.84359	2
5.84481	2
5.84603	2
5.84726	2
5.8485	2
5.84974	2
5.85098	2
5.85224	3
5.8535	3
5.85477	3
5.85604	3
5.85733	3
5.85861	3
5.85991	3
5.8612	3
5.8625	3
5.86381	3
5.86512	3
5.86643	3
5.86775	3
5.86907	3
5.87039	4
5.87171	4
5.87303	4
5.87435	4
5.87568	4
5.877	4
5.87832	4
5.87964	4
5.88097	4
5.88229	4
5.88362	4
5.88495	4
5.88628	4
5.88762	4
5.88895	4
5.89029	4
5.89163	4
5.89297	4
5.89432	4
5.89567	4
5.89702	5
5.89838	5
5.89973	5
5.90109	5
5.90246	5
5.90382	5
5.90518	5
5.90655	5
5.90792	5
5.90929	5
5.91066	5
5.91203	5
5.9134	5
5.91477	5
5.91615	5
5.91752	5
5.9189	5
5.92027	5
5.92165	5
5.92303	5
5.92442	5
5.9258	5
5.92719	5
5.92858	5
5.92996	5
5.93136	5
5.93275	5
5.93415	5
5.93555	5
5.93696	5
5.93837	5
5.9398	5
5.94123	6
5.94266	6
5.94411	6
5.94557	6
5.94703	6
5.94851	6
5.94999	6
5.95149	6
5.953	6
5.95453	6
5.95608	6
5.95763	6
5.95921	6
5.96079	7
5.96238	7
5.96399	7
5.96561	7
5.96724	7
5.96888	7
5.97053	7
5.97219	7
5.97386	8
5.97553	8
5.97721	8
5.9789	8
5.98059	8
5.9823	8
5.98401	9
5.98574	9
5.98748	9
5.98923	9
5.99099	9
5.99276	9
5.99455	10
5.99635	10
5.99815	10
5.99997	10
6.00179	10
6.00363	10
6.00548	11
6.00734	11
6.00921	11
6.01111	11
6.01301	11
6.01493	12
6.01686	12
6.01881	12
6.02077	12
6.02273	12
6.02471	12
6.02668	12
6.02866	13
6.03065	13
6.03264	13
6.03463	13
6.03663	13
6.03864	14
6.04065	14
6.04267	14
6.04469	14
6.04672	14
6.04875	14
6.05078	14
6.05282	15
6.05486	15
6.05691	15
6.05896	15
6.06101	15
6.06306	15
6.06511	15
6.06717	16
6.06924	16
6.07131	16
6.07338	16
6.07546	16
6.07755	16
6.07965	16
6.08175	16
6.08385	16
6.08596	16
6.08807	16
6.09019	17
6.09231	17
6.09444	17
6.09657	17
6.09872	17
6.10088	17
6.10306	17
6.10526	17
6.10747	17
6.1097	17
6.11195	17
6.11422	17
6.11651	17
6.11881	18
6.12115	18
6.1235	18
6.12588	18
6.12828	18
6.13069	18
6.18678	17
6.1886	15
6.1904	14
6.19217	13
6.19392	12
6.19564	11
6.19735	10
6.19903	9
6.20069	8
6.20234	7
6.20398	7
6.20559	6
6.20719	6
6.20876	6
6.21032	5
6.21187	5
6.2134	5
6.21493	5
6.21645	4
6.21797	4
6.21948	4
6.221	3
6.22251	3
6.22402	3
6.22554	3
6.2271	3
6.22865	3
6.23018	3
6.23171	3
6.23323	3
6.23475	2
6.23627	2
6.23778	2
6.2393	2
6.24082	2
6.24234	2
6.24388	2
6.24543	2
6.24697	2
6.24849	2
6.25002	2
6.25153	2
6.25306	2
6.25458	2
6.2561	2
6.25762	2
6.25914	2
6.26067	2
6.26221	2
6.26375	2
6.26527	2
6.26679	2
6.26831	2
6.26983	2
6.27135	2
6.27287	2
6.27439	2
6.27592	2
6.27744	2
6.27898	2
6.28051	2
6.28204	2
6.28355	2
6.28507	2
6.28659	2
6.28811	2
6.28962	2
6.29114	2
6.29266	2
6.29418	2
6.29572	2
6.29725	2
6.29877	2
6.30028	2
6.3018	2
6.30331	2
6.30482	2
6.30634	2
6.30786	2
6.30937	2
6.31088	2
6.31242	2
6.31394	2
6.31546	2
6.31697	2
6.31848	2
6.31999	2
6.3215	2
6.323	2
6.32452	2
6.32603	2
6.32754	2
6.32908	2
6.3306	2
6.33211	2
6.33362	2
6.33513	2
6.33663	2
6.33814	2
6.33965	2
6.34116	2
6.34267	2
6.34418	2
6.34571	2
6.34723	2
6.34874	2
6.35025	2
6.35175	2
6.35325	2
6.35476	2
6.35626	2
6.35777	2
6.35927	2
6.36078	2
6.36231	2
6.36383	2
6.36533	2
6.36684	2
6.36834	2
6.36984	2
6.37134	2
6.37284	2
6.37435	2
6.37586	2
6.37736	2
6.3789	2
6.38041	2
6.38191	2
6.38342	2
6.38491	2
6.38641	2
6.38791	2
6.38941	2
6.39092	2
6.39242	2
6.39393	2
6.39546	2
6.39653	2
6.39759	1
6.399	1
6.4005	1
6.402	1
6.4035	1
6.405	1
6.40649	1
6.408	1
6.4095	1
6.41101	1
6.41253	1
6.41361	1
6.41467	1
6.41608	1
6.41758	1
6.41908	1
6.42058	1
6.42207	1
6.42357	1
6.42508	1
6.42658	1
6.42808	1
6.42961	1
6.43068	1
6.43175	1
6.43316	1
6.43466	1
6.43616	1
6.43766	1
6.43915	1
6.44065	1
6.44216	1
6.44366	1
6.44516	1
6.44669	1
6.44776	1
6.44883	1
6.45024	1
6.45174	1
6.45323	1
6.45474	1
6.45623	1
6.45773	1
6.45924	1
6.46074	1
6.46224	1
6.46377	1
6.46484	1
6.46591	1
6.46731	1
6.46882	1
6.47031	1
6.47181	1
6.47331	1
6.47481	1
6.47631	1
6.47782	1
6.47932	1
6.48085	1
6.48192	1
6.48299	1
6.48439	1
6.4859	1
6.48739	1
6.48889	1
6.49039	1
6.49189	1
6.49339	1
6.4949	1
6.4964	1
6.49793	1
6.499	1
6.50007	1
6.50147	1
6.50297	1
6.50447	1
6.50597	1
6.50747	1
6.50896	1
6.51047	1
6.51197	1
6.51348	1
6.515	1
6.51606	1
6.51711	1
6.51817	1
6.51952	1
6.52102	1
6.52252	1
6.52402	2
6.52552	2
6.52702	2
6.52852	2
6.53003	2
6.53156	2
6.53261	2
6.53366	1
6.53472	1
6.53608	1
6.53757	1
6.53907	1
6.54057	1
6.54207	1
6.54357	1
6.54508	1
6.54658	1
6.54811	1
6.54916	1
6.55022	1
6.55127	1
6.55263	1
6.55412	1
6.55562	1
6.55712	1
6.55862	1
6.56012	1
6.56163	1
6.56313	1
6.56466	1
6.56571	1
6.56677	1
6.56782	1
6.56918	1
6.57068	1
6.57218	1
6.57367	1
6.57517	1
6.57667	1
6.57818	1
6.57968	1
6.58121	1
6.58226	1
6.58332	1
6.58437	1
6.58573	1
6.58723	1
6.58872	1
6.59022	1
6.59172	1
6.59322	1
6.59473	1
6.59623	1
6.59776	1
6.59881	1
6.59986	1
6.60092	1
6.60228	1
6.60377	1
6.60527	1
6.60677	1
6.60827	1
6.60977	1
6.61127	1
6.61278	1
6.61431	1
6.61536	1
6.61641	1
6.61747	1
6.61882	1
6.62032	1
6.62182	1
6.62331	1
6.62481	1
6.62631	1
6.62781	1
6.62932	1
6.63084	1
6.6319	1
6.63295	1
6.634	1
6.63535	1
6.63685	1
6.63835	1
6.63984	1
6.64134	1
6.64284	1
6.64434	1
6.64534	1
6.64634	1
6.64786	1
6.64891	1
6.64996	1
6.65102	1
6.65236	1
6.65386	1
6.65535	1
6.65684	1
6.65834	1
6.65983	1
6.66132	1
6.66232	1
6.66332	1
6.66484	1
6.66588	1
6.66693	1
6.66798	0
6.66932	0
6.67081	0
6.6723	0
6.67378	0
6.67526	0
6.67675	0
6.67824	0
6.67923	0
6.68022	0
6.68174	0
6.68278	0
6.68382	0
6.68487	0
6.68621	0
6.68769	0
6.68918	0
6.69065	0
6.69213	0
6.69362	0
6.69511	0
6.6961	0
6.69709	0
6.6986	0
6.69965	0
6.70069	0
6.70174	0
6.70307	0
6.70456	0
6.70604	0
6.70751	0
6.70899	0
6.71048	0
6.71197	0
6.71296	0
6.71395	0
6.71546	0
6.7165	0
6.71754	0
6.71858	0
6.71992	0
6.7214	0
6.72287	0
6.72434	0
6.72583	0
6.72731	0
6.72879	0
6.72978	0
6.73077	0
6.73227	0
6.73331	0
6.73435	0
6.73539	0
6.73673	0
6.7382	0
6.73968	0
6.74115	0
6.74262	0
6.7441	0
6.74559	0
6.74657	0
6.74756	0
6.74907	0
6.75011	0
6.75115	0
6.75219	0
6.75353	0
6.75501	0
6.75648	0
6.75796	0
6.75944	0
6.76092	0
6.76241	0
6.7634	0
6.76439	0
6.7659	0
6.76695	0
6.76799	0
6.76904	0
6.77038	0
6.77187	0
6.77335	0
6.77483	0
6.77632	0
6.77781	0
6.7793	0
6.7803	0
6.78129	0
6.78281	0
6.78386	0
6.78491	0
6.78597	0
6.78731	0
6.7888	0
6.79029	0
6.79131	0
6.79281	1
6.7943	1
6.7958	1
6.7968	1
6.7978	1
6.79932	1
6.80038	1
6.80143	1
6.80248	1
6.80383	1
6.80533	1
6.80683	1
6.80785	1
6.80935	1
6.81085	1
6.81235	1
6.8134	1
6.81445	1
6.81588	1
6.81694	1
6.818	1
6.81907	1
6.82039	1
6.82189	1
6.82339	1
6.82447	1
6.82592	1
6.82742	1
6.82892	1
6.83001	1
6.8311	1
6.83245	1
6.83354	1
6.83464	1
6.83574	1
6.83697	1
6.83846	1
6.83996	1
6.84106	1
6.84249	1
6.84399	1
6.84549	1
6.84658	1
6.84767	1
6.84902	1
6.85011	1
6.85121	1
6.8523	1
6.85353	1
6.85503	2
6.85653	2
6.85762	2
6.85905	2
6.86055	2
6.86206	2
6.86314	2
6.86424	2
6.86558	2
6.86668	1
6.86778	1
6.86887	1
6.8701	1
6.8716	1
6.8731	1
6.87419	1
6.87563	1
6.87713	1
6.87863	1
6.87974	1
6.88085	1
6.88216	1
6.88327	1
6.88438	1
6.8855	1
6.88669	1
6.88818	1
6.88968	1
6.8908	1
6.89221	1
6.89372	1
6.89522	1
6.89636	1
6.89749	1
6.89876	1
6.8999	1
6.90105	1
6.90221	1
6.90336	1
6.90479	1
6.90629	1
6.90746	1
6.90883	1
6.91033	1
6.91184	1
6.91304	1
6.91425	1
6.91546	1
6.91668	1
6.91791	1
6.91914	1
6.92037	1
6.92161	1
6.92294	1
6.92419	1
6.92548	1
6.92699	1
6.9285	1
6.92976	1
6.93102	1
6.93228	1
6.93355	1
6.9348	1
6.93606	2
6.93732	2
6.93858	2
6.93984	2
6.9411	2
6.94237	2
6.94364	2
6.94516	2
6.94643	2
6.94771	2
6.94899	2
6.95027	2
6.95156	2
6.95285	2
6.95415	2
6.95546	2
6.95677	2
6.95809	2
6.95941	2
6.96074	2
6.96206	2
6.96339	2
6.96472	2
6.96606	2
6.96739	2
6.96873	2
6.97007	2
6.97141	2
6.97275	2
6.9741	2
6.97544	2
6.97678	2
6.97813	2
6.97947	2
6.98081	2
6.98216	2
6.9835	2
6.98485	2
6.9862	2
6.98754	2
6.98889	2
6.99024	2
6.9916	2
6.99296	2
6.99432	2
6.99568	2
6.99703	2
6.99839	2
6.99975	2
7.0011	2
7.00245	2
7.0038	2
7.00515	2
7.0065	2
7.00785	2
7.00919	2
7.01052	2
7.01186	2
7.01319	2
7.01451	2
7.01582	2
7.01713	2
7.01843	2
7.01972	2
7.021	2
7.02226	2
7.02352	2
7.02477	2
7.02601	2
7.02724	2
7.02846	2
7.02967	2
7.03087	2
7.03206	2
7.03324	2
7.03441	2
7.03561	1
7.03689	1
7.03816	1
7.03942	1
7.04067	1
7.04191	1
7.04315	1
7.04437	1
7.04558	1
7.04679	1
7.04798	1
7.04916	1
7.05034	1
7.05151	1
7.0527	1
7.05397	1
7.05524	1
7.0565	1
7.05774	1
7.05898	1
7.06021	1
7.06143	1
7.06264	1
7.06384	1
7.06503	1
7.06621	1
7.06739	1
7.06855	1
7.06973	1
7.07101	1
7.07227	1
7.07352	1
7.07476	1
7.076	1
7.07722	1
7.07843	1
7.07964	1
7.08084	1
7.08202	1
7.0832	1
7.08437	1
7.08553	1
7.08671	1
7.08798	0
7.08924	0
7.09049	0
7.09173	0
7.09296	0
7.09418	0
7.09539	0
7.09659	0
7.09779	0
7.09898	0
7.10015	0
7.10132	0
7.10247	0
7.10366	0
7.10492	0
7.10618	0
7.10743	0
7.10866	0
7.10989	0
7.11111	0
7.11232	0
7.11352	0
7.11471	0
7.1159	0
7.11707	0
7.11823	0
7.11938	0
7.12057	0
7.12183	0
7.12308	0
7.12433	0
7.12556	0
7.12679	0
7.128	0
7.12922	0
7.13041	0
7.13161	0
7.13279	0
7.13396	0
7.13512	0
7.13628	0
7.13746	0
7.13872	0
7.13997	0
7.14122	0
7.14245	0
7.14368	0
7.14489	0
7.1461	0
7.1473	0
7.14849	0
7.14967	0
7.15084	0
7.152	0
7.15316	0
7.15401	1
7.15517	1
7.15642	1
7.15767	1
7.1589	1
7.16013	1
7.16134	1
7.16255	1
7.16375	1
7.16494	1
7.16612	1
7.16729	1
7.16845	1
7.1696	1
7.17046	1
7.17162	1
7.17287	1
7.17411	1
7.17534	1
7.17657	1
7.17779	1
7.179	1
7.18019	1
7.18138	1
7.18256	1
7.18373	1
7.1849	1
7.18605	1
7.1869	1
7.18806	1
7.18931	1
7.19056	1
7.19178	1
7.19301	1
7.19423	1
7.19544	1
7.19663	1
7.19782	1
7.199	1
7.20017	1
7.20133	1
7.20248	1
7.20334	1
7.20449	1
7.20574	1
7.20699	1
7.20822	1
7.20945	1
7.21066	1
7.21187	1
7.21306	1
7.21425	1
7.21543	1
7.2166	1
7.21776	1
7.21891	1
7.21976	1
7.22092	1
7.22217	1
7.22342	1
7.22464	1
7.22587	1
7.22708	1
7.22829	1
7.22949	1
7.23068	1
7.23186	1
7.23303	1
7.23419	1
7.23534	1
7.2362	1
7.23735	1
7.2386	1
7.23985	1
7.24108	1
7.24231	1
7.24352	1
7.24473	1
7.24592	1
7.24711	1
7.2483	1
7.24946	1
7.25063	1
7.25178	1
7.25263	1
7.25379	1
7.25504	1
7.25629	1
7.25752	1
7.25875	1
7.25996	1
7.26117	1
7.26237	1
7.26356	1
7.26474	1
7.26591	1
7.26708	1
7.26823	1
7.26909	1
7.27025	1
7.2715	1
7.27275	1
7.27398	1
7.27521	1
7.27643	1
7.27764	1
7.27884	1
7.28004	1
7.28122	1
7.28239	1
7.28356	1
7.28471	1
7.28563	1
7.28673	1
7.28799	1
7.28923	1
7.29047	1
7.2917	1
7.29292	1
7.29413	1
7.29533	1
7.29652	1
7.29771	1
7.29888	1
7.30004	1
7.3012	1
7.30212	1
7.30321	1
7.30447	1
7.30572	1
7.30695	1
7.30818	1
7.3094	1
7.31061	1
7.31181	1
7.313	1
7.31419	1
7.31536	1
7.31652	1
7.31768	1
7.3186	1
7.31969	1
7.32095	1
7.3222	1
7.32343	1
7.32467	1
7.32588	1
7.32709	1
7.32829	1
7.32949	1
7.33067	1
7.33184	1
7.33301	1
7.33416	1
7.33509	1
7.33618	1
7.33744	1
7.33869	1
7.33992	1
7.34116	1
7.34237	1
7.34359	1
7.34478	1
7.34598	1
7.34717	1
7.34834	1
7.3495	1
7.35066	1
7.3516	1
7.35268	1
7.35393	1
7.35518	1
7.35642	1
7.35765	1
7.35886	1
7.36008	1
7.36128	1
7.36247	1
7.36366	1
7.36483	1
7.36599	1
7.36715	1
7.36809	1
7.36917	1
7.37042	1
7.37167	1
7.37291	1
7.37415	1
7.37536	1
7.37657	1
7.37777	1
7.37897	1
7.38015	1
7.38133	1
7.38249	1
7.38365	1
7.38459	1
7.38566	1
7.38692	1
7.38817	1
7.38941	1
7.39064	1
7.39186	1
7.39307	1
7.39427	1
7.39546	1
7.39665	1
7.39782	1
7.39898	1
7.40014	1
7.40107	1
7.402	1
7.40294	1
7.40388	1
7.40513	1
7.40636	1
7.40759	1
7.40881	1
7.41002	1
7.41122	1
7.41242	1
7.41361	1
7.41478	1
7.41594	1
7.4171	1
7.41804	1
7.41898	0
7.41992	0
7.42086	0
7.42209	0
7.42333	0
7.42456	0
7.42577	0
7.42699	0
7.42819	0
7.42938	0
7.43057	0
7.43174	0
7.43291	0
7.43406	0
7.435	0
7.43594	0
7.43688	0
7.43781	0
7.43905	0
7.44028	0
7.44151	0
7.44273	0
7.44394	0
7.44514	0
7.44634	0
7.44752	0
7.44869	0
7.44986	0
7.45102	0
7.45195	0
7.4529	0
7.45384	0
7.45478	0
7.45601	0
7.45725	0
7.45848	0
7.4597	0
7.46091	0
7.46211	0
7.46331	0
7.46449	0
7.46567	0
7.46683	0
7.46799	0
7.46894	0
7.46989	0
7.47083	0
7.47178	0
7.47299	0
7.47422	0
7.47545	0
7.47667	0
7.47788	0
7.47908	0
7.48028	0
7.48147	0
7.48264	0
7.48381	0
7.48496	0
7.48591	0
7.48687	0
7.48782	0
7.48877	0
7.48996	0
7.49119	0
7.49243	0
7.49364	0
7.49486	0
7.49606	0
7.49726	0
7.49844	0
7.49961	0
7.50078	0
7.50194	0
7.50289	0
7.50384	0
7.50479	0
7.50574	0
7.50693	0
7.50816	0
7.5094	0
7.51061	0
7.51182	0
7.51302	0
7.51422	0
7.5154	0
7.51657	0
7.51774	0
7.51889	0
7.51984	0
7.52079	0
7.52174	0
7.52269	0
7.52389	0
7.52512	0
7.52635	0
7.52756	0
7.52878	0
7.52997	0
7.53117	0
7.53236	0
7.53353	0
7.5347	0
7.53585	0
7.5368	0
7.53775	0
7.5387	0
7.53965	0
7.54084	0
7.54208	0
7.54331	0
7.54452	0
7.54574	0
7.54693	0
7.54813	0
7.54932	0
7.55049	0
7.55165	0
7.55281	0
7.55376	0
7.55471	0
7.55566	0
7.55661	0
7.5578	0
7.55903	0
7.56026	0
7.56148	0
7.56269	0
7.56389	0
7.56508	0
7.56627	0
7.56744	0
7.56861	0
7.56976	0
7.57071	0
7.57166	0
7.57261	0
7.57356	0
7.57475	0
7.57598	0
7.57722	0
7.57843	0
7.57964	0
7.58084	0
7.58204	0
7.58322	0
7.58439	0
7.58556	0
7.58671	0
7.58766	0
7.58861	0
7.58956	0
7.59051	0
7.5917	0
7.59293	0
7.59416	0
7.59537	0
7.59659	0
7.59778	0
7.59898	0
7.60017	0
7.60134	0
7.6025	0
7.60366	0
7.6046	0
7.60555	0
7.6065	0
7.60745	0
7.60864	0
7.60987	0
7.6111	0
7.61232	0
7.61353	0
7.61473	0
7.61593	0
7.61712	0
7.61829	0
7.61946	0
7.62062	0
7.62157	0
7.62252	0
7.62347	0
7.62442	0
7.62562	0
7.62686	0
7.62809	0
7.62931	0
7.63053	0
7.63173	0
7.63294	0
7.63413	0
7.63531	0
7.63649	0
7.63765	0
7.63867	0
7.63968	0
7.6407	0
7.64173	0
7.64276	0
7.64391	0
7.64515	0
7.64637	0
7.6476	0
7.6488	0
7.65001	1
7.65121	1
7.6524	1
7.65357	1
7.65474	1
7.6558	1
7.65687	1
7.65793	1
7.659	1
7.66007	1
7.66115	1
7.66225	1
7.66348	1
7.6647	1
7.66591	1
7.66712	1
7.66833	1
7.66951	1
7.67069	1
7.67186	1
7.67297	1
7.67407	1
7.67519	1
7.6763	1
7.67742	1
7.67855	1
7.67967	1
7.6808	1
7.68194	1
7.68307	1
7.68429	1
7.68549	1
7.68668	1
7.68786	1
7.68903	1
7.69019	1
7.69134	1
7.69249	1
7.69365	1
7.69481	1
7.69597	1
7.69713	1
7.69829	1
7.69945	1
7.70062	1
7.70179	1
7.70296	1
7.70413	1
7.7053	1
7.70647	1
7.70765	1
7.70883	1
7.71001	1
7.7112	1
7.71239	1
7.71358	1
7.71477	1
7.71597	1
7.71717	1
7.71838	1
7.71958	1
7.72079	1
7.722	1
7.72321	1
7.72443	1
7.72564	1
7.72686	1
7.72807	1
7.72929	1
7.7305	1
7.73172	1
7.73294	1
7.73415	2
7.73536	2
7.73658	2
7.73778	2
7.73899	2
7.7402	2
7.7414	2
7.7426	2
7.7438	2
7.745	2
7.74619	2
7.74739	2
7.74858	2
7.74978	2
7.75098	2
7.75218	2
7.75338	2
7.75458	2
7.75578	2
7.75698	2
7.75818	2
7.75938	2
7.76058	2
7.76179	2
7.76299	2
7.76419	2
7.76538	2
7.76658	2
7.76778	2
7.76897	2
7.77016	3
7.77134	3
7.77253	3
7.77371	3
7.77489	3
7.77607	3
7.77724	3
7.77841	3
7.77958	3
7.78075	3
7.78192	3
7.78309	3
7.78425	3
7.78542	3
7.78658	3
7.78775	3
7.78892	2
7.79009	2
7.79125	2
7.79242	2
7.79359	2
7.79476	2
7.79593	2
7.7971	2
7.79827	2
7.79945	2
7.80062	2
7.80179	2
7.80296	2
7.80413	2
7.8053	2
7.80647	2
7.80764	2
7.80881	2
7.80998	2
7.81115	2
7.81233	2
7.81351	2
7.81469	2
7.81587	2
7.81705	2
7.81824	2
7.81942	2
7.82061	2
7.8218	2
7.82299	2
7.82418	2
7.82537	2
7.82656	2
7.82775	2
7.82894	2
7.83012	2
7.83131	2
7.83249	2
7.83366	2
7.83484	2
7.83601	2
7.83718	2
7.83835	2
7.83952	2
7.84068	2
7.84185	2
7.84301	2
7.84417	2
7.84534	2
7.8465	2
7.84766	2
7.84882	2
7.84997	2
7.85113	2
7.85229	2
7.85344	2
7.8546	2
7.85576	2
7.85691	2
7.85807	2
7.85922	2
7.86038	2
7.86153	2
7.86267	2
7.86382	2
7.86496	2
7.86611	2
7.86725	2
7.86839	2
7.86953	2
7.87067	2
7.87181	2
7.87294	2
7.87408	2
7.87521	2
7.87634	2
7.87747	2
7.87859	2
7.87971	2
7.88083	2
7.88195	2
7.88307	2
7.88418	2
7.8853	2
7.88641	2
7.88752	2
7.88863	2
7.88974	2
7.89085	2
7.89196	1
7.89306	1
7.89416	1
7.89526	1
7.89636	1
7.89745	1
7.89854	1
7.89964	1
7.90075	1
7.90186	1
7.90297	1
7.90409	1
7.9052	1
7.9063	1
7.90741	1
7.90852	1
7.90962	1
7.91072	1
7.91182	1
7.91292	1
7.91401	1
7.9151	1
7.91619	1
7.9173	1
7.91842	1
7.91953	1
7.92064	1
7.92175	1
7.92285	1
7.92396	1
7.92507	1
7.92617	1
7.92727	1
7.92837	1
7.92946	1
7.93055	1
7.93164	1
7.93273	1
7.93385	1
7.93496	1
7.93607	1
7.93718	1
7.93829	1
7.9394	1
7.9405	1
7.94161	1
7.94271	1
7.94381	1
7.94491	1
7.94601	1
7.9471	1
7.94818	1
7.94928	1
7.95039	1
7.9515	1
7.95262	1
7.95373	1
7.95484	1
7.95594	1
7.95705	1
7.95816	1
7.95926	1
7.96037	1
7.96146	1
7.96256	1
7.96365	1
7.96474	1
7.96583	1
7.96695	1
7.96806	1
7.96917	1
7.97028	1
7.97139	1
7.9725	1
7.97361	1
7.97471	1
7.97582	1
7.97692	1
7.97802	1
7.97912	1
7.98021	1
7.9813	1
7.98239	1
7.98351	1
7.98462	1
7.98573	1
7.98684	1
7.98795	1
7.98906	1
7.99017	1
7.99128	1
7.99239	1
7.99349	1
7.99459	1
7.99568	1
7.99678	1
7.99787	1
7.99896	1
8.00008	1
8.00119	1
8.0023	1
8.00341	1
8.00453	1
8.00564	1
8.00675	1
8.00785	1
8.00896	1
8.01006	1
8.01116	1
8.01226	1
8.01336	1
8.01446	1
8.01556	1
8.01666	1
8.01776	1
8.01888	1
8.01999	1
8.0211	1
8.02221	1
8.02332	1
8.02443	1
8.02554	1
8.02664	1
8.02775	1
8.02886	1
8.02997	1
8.03108	1
8.03219	1
8.0333	1
8.03442	1
8.03554	1
8.03666	1
8.03778	1
8.03891	1
8.04004	1
8.04117	1
8.0423	1
8.04344	1
8.04458	1
8.04572	1
8.04686	1
8.048	2
8.04915	2
8.05029	2
8.05144	2
8.05259	2
8.05373	2
8.05488	2
8.05603	2
8.05718	2
8.05833	2
8.05948	2
8.06063	2
8.06179	2
8.06294	2
8.06409	2
8.06525	2
8.06641	2
8.06756	2
8.06872	2
8.06988	2
8.07104	2
8.07221	2
8.07337	2
8.07454	2
8.07571	2
8.07688	2
8.07805	2
8.07922	2
8.08039	2
8.08157	2
8.08275	2
8.08393	2
8.08511	2
8.08629	2
8.08747	2
8.08866	2
8.08984	2
8.09103	2
8.09222	2
8.0934	2
8.09459	2
8.09578	2
8.09698	2
8.09817	2
8.09936	2
8.10056	2
8.10176	2
8.10296	2
8.10416	2
8.10536	2
8.10656	2
8.10777	2
8.10898	2
8.11019	2
8.1114	2
8.11261	2
8.11383	2
8.11505	3
8.11627	3
8.1175	3
8.11873	3
8.11996	3
8.12119	3
8.12243	3
8.12366	3
8.1249	3
8.12614	3
8.12739	3
8.12863	3
8.12988	3
8.13113	3
8.13238	3
8.13364	3
8.13489	3
8.13614	3
8.1374	3
8.13865	3
8.13991	3
8.14117	3
8.14243	3
8.1437	3
8.14496	3
8.14623	3
8.1475	3
8.14877	3
8.15005	4
8.15133	4
8.15261	4
8.15389	4
8.15518	4
8.15647	4
8.15777	4
8.15906	4
8.16036	4
8.16167	4
8.16297	4
8.16428	4
8.16559	4
8.1669	4
8.16822	4
8.16955	4
8.17087	4
8.1722	4
8.17353	4
8.17487	4
8.1762	4
8.17754	4
8.17888	4
8.18023	4
8.18158	4
8.18294	4
8.1843	4
8.18566	4
8.18703	5
8.1884	5
8.18978	5
8.19116	5
8.19255	5
8.19395	5
8.19536	5
8.19678	5
8.1982	5
8.19963	5
8.20106	5
8.20251	5
8.20396	5
8.20541	5
8.20687	5
8.20834	6
8.20982	6
8.2113	6
8.21279	6
8.21427	6
8.21577	6
8.21726	6
8.21876	6
8.22026	6
8.22177	6
8.22328	7
8.22479	7
8.22631	7
8.22783	7
8.22935	7
8.23087	7
8.2324	7
8.23394	7
8.23547	7
8.23701	7
8.23856	7
8.24011	7
8.24166	7
8.24322	8
8.24478	8
8.24635	8
8.24792	8
8.2495	8
8.25108	8
8.25267	8
8.25427	8
8.25586	8
8.25747	8
8.25907	8
8.26068	8
8.26229	8
8.26391	8
8.26554	8
8.26716	9
8.26879	9
8.27043	9
8.27206	9
8.27371	9
8.27535	9
8.27701	9
8.27867	9
8.28033	9
8.282	9
8.28367	9
8.28535	9
8.28704	9
8.28874	9
8.29044	10
8.29215	10
8.29386	10
8.29557	10
8.2973	10
8.29903	10
8.30076	10
8.3025	10
8.30425	10
8.306	10
8.30775	10
8.30951	10
8.31127	11
8.31304	11
8.31482	11
8.3166	11
8.31838	11
8.32017	11
8.32196	11
8.32376	11
8.32556	11
8.32736	11
8.32917	11
8.33097	11
8.33277	11
8.33457	11
8.33638	12
8.33818	12
8.33998	12
8.3418	12
8.34362	12
8.34544	12
8.34728	12
8.34911	12
8.35094	12
8.35278	12
8.35459	12
8.3564	12
8.35818	12
8.35995	12
8.3617	12
8.36342	12
8.36514	12
8.36684	12
8.36852	12
8.3702	12
8.37186	12
8.37352	12
8.37516	12
8.37679	12
8.37841	12
8.38002	12
8.38162	12
8.3832	11
8.38477	11
8.38633	11
8.38787	11
8.3894	11
8.39091	10
8.39241	10
8.39389	10
8.39536	10
8.39681	10
8.39825	10
8.39968	9
8.40109	9
8.4025	9
8.40389	9
8.40527	9
8.40665	8
8.408	8
8.40935	8
8.41069	8
8.41201	8
8.41332	7
8.41462	7
8.41591	7
8.41719	7
8.41846	7
8.41971	6
8.42096	6
8.4222	6
8.42342	6
8.42464	6
8.42585	5
8.42706	5
8.42825	5
8.42944	5
8.43062	5
8.43179	4
8.43296	4
8.43412	4
8.43528	4
8.43643	4
8.43758	4
8.43873	4
8.43988	3
8.44102	3
8.44215	3
8.44328	3
8.44441	3
8.44553	3
8.44666	3
8.44777	3
8.44889	2
8.45	2
8.4511	2
8.4522	2
8.4533	2
8.45439	2
8.45548	2
8.45657	2
8.45765	2
8.45873	2
8.45981	2
8.46088	1
8.46196	1
8.46303	1
8.4641	1
8.46516	1
8.46622	1
8.46728	1
8.46834	1
8.46939	1
8.47045	1
8.4715	1
8.47256	1
8.47365	1
8.47473	1
8.47581	1
8.47688	1
8.47796	1
8.47903	1
8.4801	1
8.48117	1
8.48223	1
8.4833	1
8.48436	1
8.48541	1
8.48647	1
8.48752	1
8.48858	1
8.48964	1
8.49072	1
8.4918	1
8.49288	1
8.49396	1
8.49504	1
8.49611	1
8.49719	1
8.49826	1
8.49932	1
8.50039	1
8.50146	1
8.50253	1
8.5036	1
8.50468	1
8.50576	1
8.50684	1
8.50792	1
8.509	1
8.51009	1
8.51117	1
8.51226	1
8.51336	1
8.51445	1
8.51555	1
8.51666	1
8.51776	1
8.51887	1
8.51999	1
8.5211	1
8.52222	1
8.52335	1
8.52447	1
8.5256	1
8.52673	1
8.52787	1
8.52901	1
8.53016	1
8.5313	1
8.53245	1
8.5336	1
8.53476	1
8.53591	1
8.53706	1
8.53822	2
8.53937	2
8.54053	2
8.54169	2
8.54284	2
8.544	2
8.54516	2
8.54632	2
8.54748	2
8.54865	2
8.54981	2
8.55097	2
8.55214	2
8.55331	2
8.55449	2
8.55566	2
8.55684	2
8.55802	2
8.5592	2
8.56039	2
8.56158	2
8.56277	2
8.56396	2
8.56515	2
8.56634	2
8.56754	2
8.56875	2
8.56995	2
8.57116	2
8.57237	2
8.57358	2
8.5748	2
8.57601	2
8.57723	2
8.57845	2
8.57967	2
8.5809	2
8.58212	3
8.58335	3
8.58459	3
8.58583	3
8.58706	3
8.5883	3
8.58954	3
8.59078	3
8.59202	3
8.59326	3
8.59451	3
8.59576	3
8.59702	3
8.59828	3
8.59954	3
8.60081	3
8.60207	3
8.60335	3
8.60462	3
8.6059	3
8.60718	3
8.60847	3
8.60976	3
8.61105	4
8.61235	4
8.61366	4
8.61496	4
8.61626	4
8.61757	4
8.61887	4
8.62019	4
8.6215	4
8.62282	4
8.62414	4
8.62546	4
8.62679	4
8.62812	4
8.62946	4
8.63079	4
8.63213	4
8.63347	4
8.63482	4
8.63617	4
8.63752	4
8.63888	4
8.64024	5
8.64159	5
8.64295	5
8.64431	5
8.64567	5
8.64703	5
8.64839	5
8.64974	5
8.6511	5
8.65245	5
8.65379	5
8.65514	5
8.65648	5
8.65781	5
8.65914	5
8.66046	5
8.66178	5
8.66309	5
8.6644	5
8.6657	5
8.667	5
8.66829	5
8.66958	5
8.67087	5
8.67215	5
8.67343	5
8.67471	5
8.67598	5
8.67725	5
8.67852	5
8.67979	4
8.68105	4
8.68231	4
8.68357	4
8.68483	4
8.68608	4
8.68733	4
8.68858	4
8.68983	4
8.69107	4
8.69231	4
8.69355	4
8.69479	4
8.69602	4
8.69726	4
8.69849	4
8.69973	4
8.70096	4
8.70219	4
8.70342	4
8.70465	4
8.70588	3
8.7071	3
8.70833	3
8.70956	3
8.71079	3
8.71201	3
8.71324	3
8.71446	3
8.71568	3
8.7169	3
8.71812	3
8.71933	3
8.72054	3
8.72174	3
8.72295	3
8.72415	3
8.72534	3
8.72653	3
8.72772	3
8.7289	3
8.73008	3
8.73125	3
8.73242	3
8.73358	3
8.73475	3
8.7359	3
8.73706	3
8.73821	3
8.73937	3
8.74052	3
8.74167	3
8.74281	2
8.74396	2
8.74511	2
8.74625	2
8.7474	2
8.74854	2
8.74968	2
8.75082	2
8.75196	2
8.7531	2
8.75424	2
8.75538	2
8.75651	2
8.75764	2
8.75877	2
8.7599	2
8.76102	2
8.76214	2
8.76326	2
8.76438	2
8.7655	2
8.76661	2
8.76772	2
8.76883	2
8.76994	2
8.77104	2
8.77214	2
8.77324	2
8.77434	2
8.77543	2
8.77652	2
8.77761	2
8.7787	1
8.77978	1
8.78087	1
8.78195	1
8.78303	1
8.7841	1
8.78518	1
8.78626	1
8.78733	1
8.7884	1
8.78947	1
8.79054	1
8.7916	1
8.79266	1
8.79371	1
8.79476	1
8.79581	1
8.79686	1
8.79793	1
8.79901	1
8.80008	1
8.80116	1
8.80223	1
8.8033	1
8.80437	1
8.80544	1
8.8065	1
8.80757	1
8.80862	1
8.80968	1
8.81073	1
8.81178	1
8.81283	1
8.81387	1
8.81494	1
8.81602	1
8.81709	1
8.81816	1
8.81923	1
8.8203	1
8.82136	1
8.82243	1
8.82349	1
8.82455	1
8.8256	1
8.82666	1
8.8277	1
8.82875	1
8.82979	1
8.83083	1
8.8319	1
8.83297	0
8.83404	0
8.8351	0
8.83617	0
8.83724	0
8.8383	0
8.83936	0
8.84042	0
8.84148	0
8.84253	0
8.84358	0
8.84462	0
8.84567	0
8.84671	0
8.84775	0
8.84881	0
8.84988	0
8.85094	0
8.85201	0
8.85308	0
8.85414	0
8.8552	0
8.85626	0
8.85732	0
8.85837	0
8.85942	0
8.86047	0
8.86151	0
8.86256	0
8.86359	0
8.86463	0
8.86569	0
8.86676	0
8.86782	0
8.86888	0
8.86995	0
8.871	0
8.87206	0
8.87312	0
8.87418	0
8.87523	0
8.87628	0
8.87732	0
8.87836	0
8.87941	0
8.88044	0
8.88148	0
8.88254	0
8.8836	0
8.88466	0
8.88572	0
8.88678	0
8.88784	0
8.8889	0
8.88995	0
8.89101	0
8.89206	0
8.89311	0
8.89415	0
8.89519	0
8.89623	0
8.89726	0
8.8983	0
8.89935	0
8.90042	0
8.90147	0
8.90253	0
8.90359	0
8.90465	0
8.90571	0
8.90676	0
8.90782	0
8.90886	0
8.90991	0
8.91095	0
8.91199	0
8.91303	0
8.91406	0
8.9151	0
8.91615	0
8.91722	0
8.91828	0
8.91933	0
8.9204	0
8.92145	0
8.92251	0
8.92356	0
8.92462	0
8.92567	0
8.92671	0
8.92776	0
8.92879	0
8.92984	0
8.93087	0
8.9319	0
8.93296	0
8.93402	0
8.93508	0
8.93614	0
8.9372	0
8.93826	0
8.93931	0
8.94037	0
8.94142	0
8.94247	0
8.94352	0
8.94456	0
8.94559	0
8.94663	0
8.94767	0
8.9487	0
8.94976	0
8.95082	0
8.95188	0
8.95294	0
8.954	0
8.95506	0
8.95611	0
8.95717	0
8.95822	0
8.95927	0
8.96032	0
8.96136	0
8.9624	0
8.96344	0
8.96448	0
8.96552	0
8.96657	0
8.96764	0
8.9687	0
8.96976	0
8.97082	0
8.97188	0
8.97294	0
8.97399	0
8.97505	0
8.9761	0
8.97715	0
8.97819	0
8.97923	0
8.98028	0
8.98131	0
8.98235	0
8.98341	0
8.98448	0
8.98554	0
8.9866	0
8.98767	0
8.98873	0
8.98979	0
8.99085	0
8.99191	0
8.99296	0
8.99402	0
8.99506	0
8.9961	0
8.99715	0
8.99819	0
8.99923	0
9.00029	0
9.00136	0
9.00243	0
9.00349	0
9.00456	0
9.00563	0
9.00669	0
9.00775	0
9.00881	0
9.00987	0
9.01093	0
9.01198	0
9.01303	0
9.01408	0
9.01512	0
9.01616	0
9.01723	0
9.0183	0
9.01937	0
9.02044	0
9.02152	0
9.02259	0
9.02365	0
9.02472	0
9.02579	0
9.02685	0
9.02791	0
9.02897	0
9.03002	0
9.03108	0
9.03213	0
9.03318	0
9.03425	0
9.03532	0
9.0364	0
9.03747	0
9.03855	0
9.03962	0
9.04069	0
9.04177	0
9.04284	0
9.0439	0
9.04497	0
9.04603	1
9.04708	1
9.04814	1
9.0492	1
9.05025	1
9.05132	1
9.0524	1
9.05348	1
9.05456	1
9.05565	1
9.05672	1
9.0578	1
9.05888	1
9.05997	1
9.06106	1
9.06215	1
9.06325	1
9.06436	1
9.06546	1
9.06657	1
9.06769	1
9.06881	1
9.06993	1
9.07105	1
9.07217	1
9.0733	1
9.07443	1
9.07555	1
9.07668	1
9.07781	1
9.07894	1
9.08008	1
9.08121	1
9.08235	1
9.08349	1
9.08463	1
9.08577	1
9.08691	1
9.08805	1
9.0892	1
9.09035	1
9.09149	1
9.09264	1
9.09379	1
9.09495	1
9.0961	2
9.09726	2
9.09841	2
9.09957	2
9.10073	2
9.10189	2
9.10305	2
9.10421	2
9.10537	2
9.10653	2
9.10769	2
9.10885	2
9.11001	2
9.11117	2
9.11233	2
9.11348	2
9.11463	2
9.11578	2
9.11693	2
9.11807	2
9.11921	2
9.12036	2
9.12149	2
9.12263	2
9.12377	2
9.12491	2
9.12604	2
9.12717	2
9.12831	2
9.12944	2
9.13057	2
9.1317	2
9.13284	2
9.13397	2
9.1351	2
9.13623	2
9.13735	2
9.13848	2
9.13961	2
9.14073	2
9.14185	2
9.14298	2
9.1441	2
9.14521	2
9.14633	2
9.14744	2
9.14855	2
9.14965	2
9.15075	2
9.15185	2
9.15295	1
9.15404	1
9.15513	1
9.15622	1
9.15731	1
9.15839	1
9.15947	1
9.16055	1
9.16162	1
9.1627	1
9.16376	1
9.16483	1
9.16589	1
9.16695	1
9.168	1
9.16906	1
9.1701	1
9.17115	1
9.1722	1
9.17328	1
9.17437	1
9.17545	1
9.17653	1
9.1776	1
9.17867	1
9.17974	1
9.1808	1
9.18186	1
9.18292	1
9.18398	1
9.18503	1
9.18608	1
9.18713	1
9.18817	1
9.18922	1
9.1903	1
9.19138	1
9.19246	1
9.19353	1
9.19461	1
9.19567	1
9.19674	1
9.1978	1
9.19886	1
9.19992	1
9.20097	1
9.20202	1
9.20307	1
9.20411	1
9.20515	1
9.20619	1
9.20727	1
9.20835	1
9.20943	1
9.2105	1
9.21157	1
9.21263	1
9.21369	1
9.21475	1
9.21581	1
9.21686	1
9.21791	1
9.21896	0
9.22	0
9.22104	0
9.22208	0
9.22312	0
9.2242	0
9.22528	0
9.22636	0
9.22742	0
9.22849	0
9.22955	0
9.23061	0
9.23167	0
9.23273	0
9.23378	0
9.23483	0
9.23588	0
9.23692	0
9.23796	0
9.239	0
9.24004	0
9.24112	0
9.24219	0
9.24327	0
9.24433	0
9.2454	0
9.24646	0
9.24752	0
9.24858	0
9.24964	0
9.25069	0
9.25174	0
9.25279	0
9.25383	0
9.25487	0
9.25591	0
9.25695	0
9.25803	0
9.2591	0
9.26018	0
9.26125	0
9.26232	0
9.26338	0
9.26444	0
9.2655	0
9.26656	0
9.26761	0
9.26866	0
9.26971	0
9.27075	0
9.27179	0
9.27283	0
9.27387	0
9.27495	0
9.27602	0
9.2771	0
9.27817	0
9.27923	0
9.2803	0
9.28136	0
9.28242	0
9.28347	0
9.28453	0
9.28557	0
9.28662	0
9.28767	0
9.28871	0
9.28974	0
9.29078	0
9.29186	0
9.29294	0
9.29401	0
9.29508	0
9.29614	0
9.2972	0
9.29827	0
9.29932	0
9.30038	0
9.30143	0
9.30248	0
9.30353	0
9.30457	0
9.30561	0
9.30664	0
9.30768	0
9.30876	0
9.30983	0
9.31091	0
9.31197	0
9.31304	0
9.3141	0
9.31516	0
9.31622	0
9.31727	0
9.31833	0
9.31938	0
9.32043	0
9.32147	0
9.32251	0
9.32354	0
9.32459	0
9.32566	0
9.32674	0
9.32781	0
9.32888	0
9.32994	0
9.33101	0
9.33207	0
9.33313	0
9.33418	0
9.33524	0
9.33629	0
9.33734	0
9.33838	0
9.33942	0
9.34045	0
9.34149	0
9.34257	0
9.34364	0
9.34472	0
9.34578	0
9.34685	0
9.34791	0
9.34897	0
9.35003	0
9.35108	0
9.35214	0
9.35318	0
9.35423	0
9.35527	0
9.35631	0
9.35734	0
9.35839	0
9.35946	0
9.36053	0
9.36161	0
9.36267	0
9.36374	0
9.3648	0
9.36586	0
9.36692	0
9.36797	0
9.36902	0
9.37007	0
9.37112	0
9.37216	0
9.3732	0
9.37423	0
9.37527	0
9.37635	0
9.37743	0
9.3785	0
9.37956	0
9.38063	0
9.38169	0
9.38275	0
9.38381	0
9.38486	0
9.38591	0
9.38696	0
9.38801	0
9.38905	0
9.39009	0
9.39113	0
9.39217	0
9.39325	0
9.39432	0
9.3954	0
9.39647	0
9.39753	0
9.39859	0
9.39966	0
9.40072	0
9.40177	0
9.40283	0
9.40388	0
9.40493	0
9.40597	0
9.40702	0
9.40805	0
9.4091	0
9.41018	0
9.41125	0
9.41233	0
9.4134	0
9.41447	0
9.41553	0
9.41659	0
9.41765	0
9.41871	0
9.41977	0
9.42082	0
9.42188	0
9.42292	0
9.42397	0
9.42501	0
9.42605	0
9.42714	0
9.42822	0
9.42929	0
9.43037	0
9.43143	0
9.4325	0
9.43357	0
9.43463	0
9.43569	0
9.43675	0
9.43781	0
9.43886	0
9.43991	0
9.44096	0
9.44199	0
9.44304	0
9.44413	0
9.44521	0
9.44629	0
9.44736	0
9.44843	0
9.4495	0
9.45057	0
9.45163	0
9.45269	0
9.45375	0
9.45481	0
9.45587	0
9.45692	0
9.45797	0
9.45901	1
9.46006	1
9.46115	1
9.46223	1
9.46331	1
9.46439	1
9.46546	1
9.46654	1
9.46761	1
9.46867	1
9.46974	1
9.4708	1
9.47186	1
9.47292	1
9.47397	1
9.47502	1
9.47607	1
9.47712	1
9.47821	1
9.47929	1
9.48038	1
9.48145	1
9.48253	1
9.48361	1
9.48467	1
9.48574	1
9.48681	1
9.48787	1
9.48893	1
9.48999	1
9.49105	1
9.49211	1
9.49317	1
9.49423	1
9.4953	1
9.49638	1
9.49746	1
9.49854	1
9.49962	1
9.5007	1
9.50177	1
9.50285	1
9.50393	1
9.505	1
9.50609	1
9.50717	1
9.50825	1
9.50934	1
9.51042	1
9.51151	1
9.5126	1
9.51368	1
9.51477	1
9.51586	1
9.51695	1
9.51803	1
9.51912	1
9.5202	1
9.52129	1
9.52238	1
9.52347	1
9.52455	1
9.52564	1
9.52672	1
9.52781	1
9.5289	1
9.52998	1
9.53107	1
9.53216	1
9.53325	1
9.53434	1
9.53544	1
9.53653	1
9.53763	1
9.53872	1
9.53982	1
9.54092	1
9.54202	1
9.54312	1
9.54423	1
9.54533	1
9.54644	1
9.54755	1
9.54866	1
9.54977	1
9.55089	1
9.552	1
9.55312	1
9.55423	1
9.55535	1
9.55647	1
9.55759	1
9.55871	1
9.55984	1
9.56096	1
9.56209	1
9.56322	1
9.56435	1
9.56548	1
9.56661	1
9.56774	1
9.56888	1
9.57002	1
9.57117	1
9.57231	1
9.57346	1
9.57461	1
9.57576	1
9.57691	1
9.57807	2
9.57923	2
9.58039	2
9.58155	2
9.58271	2
9.58388	2
9.58504	2
9.58621	2
9.58738	2
9.58854	2
9.58971	2
9.59087	2
9.59203	2
9.59319	2
9.59435	2
9.5955	2
9.59666	2
9.59781	2
9.59897	2
9.60012	2
9.60127	2
9.60243	2
9.60358	2
9.60474	2
9.60589	2
9.60705	2
9.60821	2
9.60937	2
9.61053	2
9.61169	2
9.61285	2
9.61402	2
9.61518	2
9.61635	2
9.61751	2
9.61868	2
9.61985	2
9.62101	2
9.62218	2
9.62335	2
9.62451	2
9.62567	2
9.62683	2
9.62799	2
9.62915	2
9.63031	2
9.63147	2
9.63262	2
9.63378	2
9.63493	2
9.63609	2
9.63724	2
9.63839	2
9.63954	2
9.64069	2
9.64184	2
9.64299	2
9.64413	2
9.64528	2
9.64642	2
9.64757	2
9.64871	2
9.64985	2
9.65099	2
9.65213	2
9.65327	2
9.6544	2
9.65553	2
9.65666	2
9.65778	2
9.65891	2
9.66003	2
9.66115	2
9.66227	2
9.66339	2
9.66451	2
9.66563	2
9.66674	2
9.66785	2
9.66896	2
9.67007	2
9.67118	2
9.67229	2
9.6734	2
9.67451	2
9.67562	2
9.67673	2
9.67784	1
9.67895	1
9.68005	1
9.68116	1
9.68226	1
9.68336	1
9.68446	1
9.68556	1
9.68666	1
9.68776	1
9.68885	1
9.68994	1
9.69103	1
9.69212	1
9.6932	1
9.69428	1
9.69535	1
9.69642	1
9.69749	1
9.69855	1
9.69961	1
9.70068	1
9.70174	1
9.7028	1
9.70386	1
9.70491	1
9.70597	1
9.70703	1
9.70811	1
9.7092	1
9.71028	1
9.71136	1
9.71243	1
9.7135	1
9.71457	1
9.71564	1
9.71671	1
9.71778	1
9.71885	1
9.71992	1
9.72099	1
9.72206	1
9.72313	1
9.7242	1
9.72527	1
9.72634	1
9.7274	1
9.72847	1
9.72954	1
9.7306	1
9.73167	1
9.73273	1
9.73379	1
9.73486	1
9.73593	1
9.737	1
9.73807	1
9.73914	1
9.7402	1
9.74127	1
9.74234	1
9.74341	1
9.74448	1
9.74555	1
9.74661	1
9.74768	1
9.74874	1
9.7498	1
9.75087	1
9.75194	1
9.75301	1
9.75408	1
9.75515	1
9.75622	1
9.75729	1
9.75836	1
9.75943	1
9.76049	1
9.76156	1
9.76263	1
9.7637	1
9.76477	1
9.76583	1
9.76689	1
9.76796	1
9.76903	1
9.7701	1
9.77117	1
9.77224	1
9.77331	1
9.77438	1
9.77545	1
9.77652	1
9.77758	1
9.77865	1
9.77972	1
9.78079	1
9.78186	1
9.78292	1
9.78399	1
9.78505	1
9.78612	1
9.78719	1
9.78826	1
9.78933	1
9.7904	1
9.79147	1
9.79254	1
9.79361	1
9.79468	1
9.79575	1
9.79682	1
9.79789	1
9.79897	1
9.80005	1
9.80112	1
9.8022	1
9.80328	1
9.80436	1
9.80545	1
9.80653	1
9.80762	1
9.8087	1
9.80979	1
9.81088	1
9.81197	1
9.81306	1
9.81415	1
9.81524	1
9.81633	1
9.81742	1
9.81851	1
9.81961	1
9.8207	1
9.82179	1
9.82288	1
9.82397	1
9.82506	1
9.82616	1
9.82725	1
9.82834	1
9.82943	1
9.83052	1
9.83162	1
9.83271	1
9.8338	1
9.83489	1
9.83598	1
9.83707	1
9.83817	1
9.83926	1
9.84035	1
9.84144	1
9.84253	1
9.84363	1
9.84472	1
9.84581	1
9.8469	1
9.84799	1
9.84908	1
9.85018	1
9.85127	1
9.85236	1
9.85345	1
9.85454	1
9.85564	1
9.85673	1
9.85782	1
9.85891	1
9.86	1
9.86109	1
9.86219	1
9.86328	1
9.86437	1
9.86546	1
9.86655	1
9.86765	1
9.86874	1
9.86983	1
9.87092	1
9.87201	1
9.8731	1
9.8742	1
9.87529	1
9.87638	1
9.87747	1
9.87856	1
9.87966	1
9.88075	1
9.88184	1
9.88293	1
9.88402	1
9.88511	1
9.88621	1
9.8873	1
9.88839	1
9.88948	1
9.89057	1
9.89167	1
9.89276	1
9.89385	1
9.89494	1
9.89603	1
9.89712	1
9.89822	1
9.89931	1
9.9004	1
9.90149	1
9.90258	1
9.90368	1
9.90477	1
9.90586	1
9.90695	1
9.90804	1
9.90914	1
9.91023	1
9.91132	1
9.91241	1
9.9135	1
9.91459	1
9.91569	1
9.91678	1
9.91787	1
9.91896	1
9.92005	1
9.92115	1
9.92224	1
9.92333	1
9.92442	1
9.92551	1
9.9266	1
9.9277	1
9.92879	1
9.92988	1
9.93097	1
9.93206	1
9.93316	1
9.93425	1
9.93534	1
9.93643	1
9.93752	1
9.93861	1
9.93971	1
9.9408	1
9.94189	1
9.94298	1
9.94407	1
9.94517	1
9.94626	2
9.94735	2
9.94844	2
9.94953	2
9.95062	2
9.95172	2
9.95281	2
9.9539	2
9.95499	2
9.95608	2
9.95718	2
9.95827	2
9.95936	2
9.96045	2
9.96154	2
9.96263	2
9.96373	2
9.96482	2
9.96591	2
9.967	2
9.96809	2
9.96919	2
9.97028	2
9.97137	2
9.97246	2
9.97355	2
9.97464	2
9.97574	2
9.97683	2
9.97792	2
9.97901	2
9.9801	2
9.9812	2
9.98229	2
9.98338	2
9.98447	2
9.98556	2
9.98665	2
9.98775	2
9.98884	2
9.98993	2
9.99102	2
9.99211	2
9.99321	2
9.9943	2
9.99539	2
9.99648	2
9.99757	2
9.99867	2
9.99976	2
10.0008	2
10.0019	2
10.003	2
10.0041	2
10.0052	2
10.0063	2
10.0074	2
10.0085	2
10.0096	2
10.0107	2
10.0118	2
10.0129	2
10.014	2
10.015	2
10.0161	2
10.0172	2
10.0183	2
10.0194	2
10.0205	2
10.0216	2
10.0227	2
10.0238	2
10.0249	2
10.026	2
10.0271	2
10.0281	2
10.0292	2
10.0303	2
10.0314	2
10.0325	2
10.0336	2
10.0347	2
10.0358	2
10.0369	2
10.038	2
10.0391	2
10.0402	2
10.0412	2
10.0423	2
10.0434	2
10.0445	2
10.0456	2
10.0467	2
10.0478	2
10.0489	2
10.05	2
10.0511	2
10.0522	2
10.0533	2
10.0543	2
10.0554	2
10.0565	2
10.0576	2
10.0587	2
10.0598	2
10.0609	2
10.062	2
10.0631	2
10.0642	2
10.0653	2
10.0664	2
10.0675	2
10.0685	2
10.0696	2
10.0707	2
10.0718	2
10.0729	2
10.074	2
10.0751	2
10.0762	2
10.0773	2
10.0784	2
10.0795	2
10.0806	2
10.0816	2
10.0827	2
10.0838	2
10.0849	2
10.086	2
10.0871	2
10.0882	2
10.0893	2
10.0904	2
10.0915	2
10.0926	2
10.0937	2
10.0947	2
10.0958	2
10.0969	2
10.098	2
10.0991	2
10.1002	2
10.1013	2
10.1024	2
10.1035	2
10.1046	2
10.1057	2
10.1068	2
10.1078	2
10.1089	2
10.11	2
10.1111	2
10.1122	2
10.1133	2
10.1144	2
10.1155	2
10.1166	2
10.1177	2
10.1188	2
10.1199	2
10.121	2
10.122	2
10.1231	2
10.1242	2
10.1253	2
10.1264	2
10.1275	2
10.1286	2
10.1297	2
10.1308	2
10.1319	2
10.133	2
10.1341	2
10.1351	2
10.1362	2
10.1373	2
10.1384	2
10.1395	2
10.1406	2
10.1417	2
10.1428	2
10.1439	2
10.145	2
10.1461	2
10.1472	2
10.1482	2
10.1493	2
10.1504	2
10.1515	2
10.1526	2
10.1537	2
10.1548	2
10.1559	2
10.157	2
10.1581	2
10.1592	2
10.1603	2
10.1613	2
10.1624	2
10.1635	2
10.1646	2
10.1657	2
10.1668	2
10.1679	2
10.169	2
10.1701	2
10.1712	2
10.1723	2
10.1734	2
10.1744	2
10.1755	2
10.1766	2
10.1777	2
10.1788	2
10.1799	2
10.181	2
10.1821	2
10.1832	2
10.1843	2
10.1854	2
10.1865	2
10.1876	2
10.1886	2
10.1897	2
10.1908	2
10.1919	2
10.193	2
10.1941	2
10.1952	2
10.1963	2
10.1974	2
10.1985	2
10.1996	2
10.2007	2
10.2017	2
10.2028	2
10.2039	2
10.205	2
10.2061	2
10.2072	2
10.2083	2
10.2094	2
10.2105	2
10.2116	2
10.2127	2
10.2138	2
10.2148	2
10.2159	2
10.217	2
10.2181	2
10.2192	2
10.2203	2
10.2214	2
10.2225	2
10.2236	2
10.2247	2
10.2258	2
10.2269	2
10.2279	2
10.229	2
10.2301	2
10.2312	2
10.2323	2
10.2334	2
10.2345	2
10.2356	2
10.2367	2
10.2378	2
10.2389	2
10.24	2
10.2411	2
10.2421	2
10.2432	2
10.2443	2
10.2454	2
10.2465	2
10.2476	2
10.2487	2
10.2498	2
10.2509	2
10.252	2
10.2531	2
10.2542	2
10.2552	2
10.2563	2
10.2574	2
10.2585	2
10.2596	2
10.2607	2
10.2618	2
10.2629	2
10.264	2
10.2651	2
10.2662	2
10.2673	2
10.2683	2
10.2694	2
10.2705	2
10.2716	2
10.2727	2
10.2738	2
10.2749	2
10.276	2
10.2771	2
10.2782	2
10.2793	2
10.2804	2
10.2814	2
10.2825	2
10.2836	2
10.2847	2
10.2858	2
10.2869	2
10.288	2
10.2891	2
10.2902	2
10.2913	2
10.2924	2
10.2935	2
10.2946	2
10.2956	2
10.2967	2
10.2978	2
10.2989	2
10.3	2
10.3011	2
10.3022	2
10.3033	2
10.3044	2
10.3055	2
10.3066	2
10.3077	2
10.3087	2
10.3098	2
10.3109	2
10.312	2
10.3131	2
10.3142	2
10.3153	2
10.3164	2
10.3175	2
10.3186	2
10.3197	2
10.3208	2
10.3218	2
10.3229	2
10.324	2
10.3251	2
10.3262	2
10.3273	2
10.3284	2
10.3295	2
10.3306	2
10.3317	2
10.3328	2
10.3339	2
10.3349	2
10.336	2
10.3371	2
10.3382	2
10.3393	2
10.3404	2
10.3415	2
10.3426	2
10.3437	2
10.3448	2
10.3459	2
10.347	2
10.3481	2
10.3491	2
10.3502	2
10.3513	2
10.3524	2
10.3535	2
10.3546	2
10.3557	2
10.3568	2
10.3579	2
10.359	2
10.3601	2
10.3612	2
10.3622	2
10.3633	2
10.3644	2
10.3655	2
10.3666	2
10.3677	2
10.3688	2
10.3699	2
10.371	2
10.3721	2
10.3732	2
10.3743	2
10.3753	2
10.3764	2
10.3775	2
10.3786	2
10.3797	2
10.3808	2
10.3819	2
10.383	2
10.3841	2
10.3852	2
10.3863	2
10.3874	2
10.3884	2
10.3895	2
10.3906	2
10.3917	2
10.3928	2
10.3939	2
10.395	2
10.3961	2
10.3972	2
10.3983	2
10.3994	2
10.4005	2
10.4016	2
10.4026	2
10.4037	2
10.4048	2
10.4059	2
10.407	2
10.4081	2
10.4092	2
10.4103	2
10.4114	2
10.4125	2
10.4136	2
10.4147	2
10.4157	2
10.4168	2
10.4179	2
10.419	2
10.4201	2
10.4212	2
10.4223	2
10.4234	2
10.4245	2
10.4256	2
10.4267	2
10.4278	2
10.4288	2
10.4299	2
10.431	2
10.4321	2
10.4332	2
10.4343	2
10.4354	2
10.4365	2
10.4376	2
10.4387	2
10.4398	2
10.4409	2
10.4419	2
10.443	2
10.4441	2
10.4452	2
10.4463	2
10.4474	2
10.4485	2
10.4496	2
10.4507	2
10.4518	2
10.4529	2
10.454	2
10.4551	2
10.4561	2
10.4572	2
10.4583	2
10.4594	2
10.4605	2
10.4616	2
10.4627	2
10.4638	2
10.4649	2
10.466	2
10.4671	2
10.4682	2
10.4692	2
10.4703	2
10.4714	2
10.4725	2
10.4736	2
10.4747	2
10.4758	2
10.4769	2
10.478	2
10.4791	2
10.4802	2
10.4813	2
10.4823	2
10.4834	2
10.4845	2
10.4856	2
10.4867	2
10.4878	2
10.4889	2
10.49	2
10.4911	2
10.4922	2
10.4933	2
10.4944	2
10.4954	2
10.4965	2
10.4976	2
10.4987	2
10.4998	2
10.5009	2
10.502	2
10.5031	2
10.5042	2
10.5053	2
10.5064	2
10.5075	2
10.5085	2
10.5096	2
10.5107	2
10.5118	2
10.5129	2
10.514	2
10.5151	2
10.5162	2
10.5173	2
10.5184	2
10.5195	2
10.5206	2
10.5217	2
10.5227	2
10.5238	2
10.5249	2
10.526	2
10.5271	2
10.5282	2
10.5293	2
10.5304	2
10.5315	2
10.5326	2
10.5337	2
10.5348	2
10.5358	2
10.5369	2
10.538	2
10.5391	2
10.5402	2
10.5413	2
10.5424	2
10.5435	2
10.5446	2
10.5457	2
10.5468	2
10.5479	2
10.5489	2
10.55	2
10.5511	2
10.5522	2
10.5533	2
10.5544	2
10.5555	2
10.5566	2
10.5577	2
10.5588	2
10.5599	2
10.561	2
10.562	2
10.5631	2
10.5642	2
10.5653	2
10.5664	2
10.5675	2
10.5686	2
10.5697	2
10.5708	2
10.5719	2
10.573	2
10.5741	2
10.5752	2
10.5762	2
10.5773	2
10.5784	2
10.5795	2
10.5806	2
10.5817	2
10.5828	2
10.5839	2
10.585	2
10.5861	2
10.5872	2
10.5883	2
10.5893	2
10.5904	2
10.5915	2
10.5926	2
10.5937	2
10.5948	2
10.5959	2
10.597	2
10.5981	2
10.5992	2
10.6003	2
10.6014	2
10.6024	2
10.6035	2
10.6046	2
10.6057	2
10.6068	2
10.6079	2
10.609	2
