0.194699	9.52
0.215207	14
0.235487	20.16
0.255609	20.16
0.308669	12.6792
0.328695	15
0.3492	22.4
0.369205	21.84
0.389329	22.4
0.409333	22.96
0.429634	24.64
0.449877	25.2
0.47014	25.76
0.490157	25.76
0.510341	26.32
0.530607	26.88
0.550686	26.88
0.571065	27.44
0.591265	27.44
0.611281	26.88
0.631388	26.32
0.651828	25.76
0.672127	24.64
0.692539	24.08
0.712907	23.52
0.733318	22.96
0.753335	21.84
0.773794	21.84
0.794211	21.84
0.81423	21.28
0.834646	21.28
0.855186	20.16
0.875215	19.04
0.895365	18.48
0.944322	18.2
0.964635	17.36
0.985106	16.8
1.00553	16.8
1.02555	15.68
1.04567	15.12
1.06588	15.12
1.08601	15.12
1.10636	15.68
1.12688	15.68
1.14764	15.12
1.16765	14.56
1.18821	15.68
1.20853	16.24
1.22863	16.8
1.2489	17.92
1.26949	19.04
1.28989	19.6
1.31036	20.16
1.33087	20.16
1.35093	20.16
1.37102	20.72
1.39137	21.28
1.41149	20.72
1.43162	20.72
1.45199	21.28
1.47246	21.84
1.49292	22.96
1.51315	23.52
1.53322	23.52
1.55334	23.52
1.57354	23.52
1.59393	23.52
1.61401	22.96
1.63436	22.96
1.6546	22.4
1.67498	21.84
1.6953	21.28
1.71569	20.16
1.73597	19.6
1.75646	19.6
1.77671	19.04
1.79702	17.92
1.81738	17.36
1.83779	16.8
1.85801	16.8
1.87803	16.24
1.89821	15.68
1.95476	14.4
1.97536	14
1.99593	13.44
2.01609	13.44
2.03639	14
2.05696	14.56
2.07715	14
2.09731	12.88
2.11738	12.32
2.13784	12.32
2.15862	12.88
2.17868	12.88
2.19878	12.88
2.21945	12.88
2.23967	12.88
2.26017	12.88
2.28086	12.88
2.3013	12.32
2.3213	12.32
2.34213	12.88
2.36265	12.88
2.38294	12.32
2.40382	12.88
2.42442	12.32
2.44537	12.32
2.492	11.4435
2.5129	12.32
2.53313	12.32
2.55357	12.32
2.5743	12.32
2.595	12.32
2.6151	11.76
2.63516	11.2
2.65562	11.2
2.67612	11.2
2.69684	11.76
2.71741	11.76
2.73828	11.76
2.75869	11.76
2.77874	11.76
2.79917	12.32
2.81932	12.32
2.83979	12.32
2.86016	12.32
2.88105	12.88
2.90168	12.88
2.9224	12.88
2.94324	12.88
2.96327	12.32
2.98407	12.88
3.00487	12.88
3.02565	12.88
3.04618	12.32
3.06689	12.32
3.08783	12.32
3.10792	11.76
3.12822	11.76
3.14844	12.32
3.16874	12.32
3.18905	12.32
3.20924	12.32
3.22929	12.32
3.24929	12.32
3.26996	12.88
3.29045	12.88
3.31071	12.88
3.33109	13.44
3.35174	13.44
3.37223	12.88
3.39276	12.88
3.41316	12.88
3.43336	12.88
3.45403	12.88
3.4745	12.32
3.49489	11.76
3.51499	11.2
3.5357	11.2
3.55678	10.6667
3.57729	10.64
3.59787	11.2
3.61848	12.32
3.63899	12.88
3.65915	13.44
3.67986	15.12
3.70039	15.12
3.7205	15.68
3.74089	16.8
3.76109	16.8
3.78118	17.92
3.80168	19.6
3.82219	20.16
3.84266	20.16
3.8632	20.16
3.88371	20.16
3.90416	20.16
3.92458	20.16
3.945	20.16
3.96554	20.16
3.98605	20.16
4.00653	20.16
4.02694	20.16
4.0473	20.16
4.06772	20.16
4.08807	20.16
4.10834	20.16
4.12855	20.16
4.14868	20.16
4.16891	20.16
4.18911	20.16
4.20931	20.16
4.22951	20.16
4.24967	20.16
4.26999	20.16
4.29031	20.16
4.31061	20.16
4.33097	20.16
4.35136	20.16
4.37192	20.16
4.39233	19.6
4.41297	18.48
4.43312	18.48
4.45365	20.16
4.47415	20.16
4.49415	19.6
4.51444	19.6
4.53449	19.6
4.55502	20.16
4.57552	20.16
4.59599	20.16
4.61652	20.16
4.63709	20.16
4.65767	20.16
4.67768	19.6
4.69771	19.6
4.71815	19.6
4.73816	18.48
4.75828	18.48
4.77852	19.04
4.79909	19.04
4.81945	18.48
4.84003	17.92
4.86009	17.36
4.88051	17.92
4.90076	17.92
4.92092	19.04
4.94137	20.72
4.96178	20.72
4.98203	20.72
5.00244	20.72
5.02282	20.72
5.04332	20.72
5.06377	20.72
5.08417	20.72
5.10455	20.72
5.12503	20.72
5.14547	20.72
5.16589	20.72
5.18624	20.72
5.20666	20.72
5.22699	20.72
5.24742	20.72
5.26773	20.72
5.28815	20.72
5.30845	20.72
5.32888	20.72
5.34919	20.72
5.36963	20.72
5.38998	20.72
5.41037	20.72
5.43059	20.72
5.45097	20.72
5.47118	20.72
5.49162	20.72
5.51185	20.72
5.53229	20.72
5.55262	20.72
5.57308	20.72
5.59338	20.72
5.61379	20.72
5.63404	20.72
5.65448	20.72
5.67469	20.72
5.69509	20.72
5.71526	20.72
5.73572	20.72
5.75596	20.72
5.77638	20.72
5.79672	20.72
5.8172	20.72
5.83767	20.72
5.85799	20.16
5.87835	19.6
5.89866	18.48
5.91897	17.36
5.939	16.8
5.9595	16.8
5.97964	16.24
6.0004	15.68
6.02087	14
6.04104	12.88
6.06176	12.32
6.08263	11.76
6.10298	11.2
6.12372	11.2
6.14395	10.64
6.1643	10.08
6.21173	5.48085
6.23237	8.16
6.25307	14
6.27369	15.12
6.29427	15.12
6.31485	15.12
6.33536	15.12
6.35592	15.12
6.37622	15.12
6.39673	15.12
6.41689	15.12
6.43743	15.12
6.45753	16.24
6.4776	15.68
6.49768	15.68
6.51776	15.68
6.53785	15.68
6.55803	16.24
6.57805	16.8
6.59813	16.24
6.61865	16.24
6.63873	16.24
6.65891	16.8
6.67933	16.8
6.69983	16.8
6.72021	17.36
6.74058	17.92
6.76148	18.48
6.78165	17.36
6.8025	17.36
6.82283	17.92
6.84284	17.92
6.86291	17.92
6.88303	17.36
6.90307	17.36
6.92338	17.92
6.9436	17.92
6.96421	17.92
6.98435	17.36
7.0047	17.36
7.02481	16.8
7.0451	16.8
7.0655	17.36
7.08579	18.48
7.10582	18.48
7.12587	18.48
7.14644	19.04
7.1671	19.04
7.18765	19.04
7.2081	19.6
7.22844	19.6
7.24897	19.6
7.26906	19.04
7.28909	19.04
7.30948	19.6
7.32996	19.6
7.35016	19.04
7.37027	19.04
7.39031	19.04
7.41053	19.6
7.43062	19.04
7.45078	19.6
7.47089	19.6
7.49137	20.16
7.51139	20.16
7.53146	20.16
7.55211	20.16
7.57268	20.16
7.59316	20.16
7.61317	20.16
7.63321	20.16
7.65383	20.16
7.67442	20.16
7.69502	20.16
7.71549	20.16
7.73563	19.6
7.75615	19.6
7.77673	19.04
7.79715	19.04
7.81746	19.04
7.83791	19.6
7.85844	19.6
7.87857	19.04
7.89889	19.6
7.91944	20.16
7.93997	20.72
7.96039	20.72
7.98078	20.72
8.00124	20.72
8.02163	20.72
8.04205	20.72
8.06252	20.72
8.08258	20.16
8.10261	19.6
8.12296	19.6
8.14313	19.04
8.16317	18.48
8.18378	18.48
8.20429	17.92
8.22491	17.36
8.24521	16.24
8.26525	15.12
8.28597	15.12
8.3067	14.56
8.32733	14
8.34798	13.44
8.36843	12.88
8.38925	12.88
8.40966	12.88
8.42985	14
8.44998	15.68
8.47023	17.92
8.49031	19.6
8.51031	20.72
8.53055	21.28
8.55098	21.28
8.57099	20.16
8.5912	19.6
8.61133	19.04
8.63151	18.48
8.65173	17.92
8.6721	17.36
8.6924	16.8
8.71284	17.36
8.73305	17.92
8.75337	18.48
8.77381	19.04
8.79394	19.6
8.81412	20.16
8.83463	21.28
8.8548	21.28
8.87495	21.28
8.89505	21.28
8.9151	21.28
8.93572	21.84
8.95604	21.84
8.97667	21.84
8.99703	21.84
9.01767	21.84
9.03808	21.84
9.05814	21.28
9.07837	21.28
9.0987	21.28
9.11922	20.72
9.13923	19.6
9.15948	19.6
9.17989	20.16
9.20037	20.72
9.22064	21.28
9.24084	21.28
9.26094	21.28
9.28097	21.28
9.30108	21.28
9.32121	21.28
9.3413	21.28
9.36135	21.28
9.3814	21.28
9.40144	21.28
9.42154	21.28
9.44163	21.28
9.46174	21.28
9.48189	21.28
9.50204	21.28
9.52235	21.28
9.54268	21.28
9.56272	20.72
9.5829	20.72
9.60294	20.16
9.62295	19.6
9.64325	19.6
9.66357	19.6
9.68382	19.6
9.70425	20.16
9.72479	20.72
9.7453	21.28
9.76564	21.28
9.78593	21.28
9.80621	21.28
9.8265	21.28
9.84688	21.28
9.86704	20.72
9.88724	20.72
9.90744	20.72
9.92764	20.72
9.94784	20.72
9.96803	20.72
9.98823	20.72
10.0084	20.72
10.0286	20.72
10.0488	20.72
10.069	20.72
10.0892	20.72
10.1094	20.72
10.1296	20.72
10.1498	20.72
10.17	20.72
10.1902	20.72
10.2104	20.72
10.2306	20.72
10.2508	20.72
10.271	20.72
10.2912	20.72
10.3114	20.72
10.3316	20.72
10.3518	20.72
10.372	20.72
10.3922	20.72
10.4124	20.72
10.4326	20.72
10.4528	20.72
10.473	20.72
10.4932	20.72
10.5134	20.72
10.5336	20.72
10.5538	20.72
10.574	20.72
10.5942	20.72
10.6144	20.72
10.6346	20.72
